24
0 0.000353062482513941
0.00275628942763433 0.0004377905251695
0.00126778208068572 0.000506051465079881
0.000413489132188261 0.000468787772347503
0 0.000464067980895753
0.000539759176899679 0.000454023582626306
0.00288669790606946 0.000466080537018831
0.00455262819305062 0.000500808189005818
0 0.000381153346384084
0 0.000301852329090782
0.00176930964225903 0.000331876834923063
0.00115965505829081 0.000327939368133835
0.00196948489174247 0.000284256243258743
0.00415193382650614 0.000343297672197035
0 0.000309119181490184
0 0.000261024669158154
0.00291073060361668 0.000308215108421169
0.0117532435571775 0.000289932032180759
0 0.000291412518619767
0.001625513745239 0.000302588274623736
0.000886487786192447 0.00031146420833247
0 0.000298836664699101
0 0.000316516375011209
0 0.000302451997740022
0.0298002972733229 0.000325553763826642
0.00247853542095982 0.000470548686399486
0.00511131116654724 0.000514556823864697
0.00669443411752582 0.000498208586772063
0.0115447686519474 0.000627361742686731
0.00528762030880898 0.000552796252821595
0.00492421231465414 0.00055286883607316
0.000579473131801933 0.00052208111705666
0 0.000441924099218254
0.00377957018790767 0.000568801716065332
0.0025377458659932 0.000573715023889164
0.00538862162648002 0.000460872710456041
0.0015842053166125 0.000509946940725382
0.00278537452686578 0.000471243824785019
0.00224457643926144 0.000503318025533379
0.00814786241389811 0.000542254987609944
0.016443925290514 0.000523155434572162
0.000828400765021797 0.000462600967457815
0 0.000461506355262289
0.0133239545859396 0.000490442152638144
0.00886084260419011 0.000684337822516155
0.000433660823910031 0.000635328187743143
0 0.000613907694802868
0 0.000632392339307848
0 0.000569386302276974
0 0.000552794094425233
0 0.000533232091904006
0 0.000483780316132655
0 0.000492801464414007
0.000504029510557302 0.000514544381901513
0.000569893323699944 0.000543253911788706
0.00021149840176804 0.000612815421156104
0 0.00066095014291407
0 0.000634586206050514
0 0.000670310303255844
0 0.000728243885569065
0 0.000726907769796036
0 0.00072763776867483
0 0.000700257610998948
0 0.000761811847168714
0.000572380352241453 0.000879658914842663
0.00664696970488876 0.0009208248307596
0.00507378779584542 0.000969592170101269
0.00137138098943979 0.000805082130780166
0.0024354828230571 0.000675112327809926
0.00017056937867892 0.00058215410485535
0.00067825490841642 0.000653424128801017
0.000181560391501989 0.00073213269931848
0.000682483866694383 0.000747508423689039
0.00639714896678925 0.000901588855356645
0.00817890982143581 0.000891744932559303
0.00144624275271781 0.000795493593352974
0.000654970059986226 0.000791131009323998
0.00417444992344826 0.000831694386659535
0.00112643042521086 0.000839400305989864
0.00349972327239811 0.000832162123107539
0.0177000982454047 0.000800367649681084
0.0086666627204977 0.000755946032353935
0.00015789197277627 0.000720732684515029
0 0.000748769182399747
0.000391054228384746 0.000742691854608242
0.000927783543738769 0.00077083474033386
0.000287129486241611 0.000783536555364912
0 0.000782878042057286
0 0.000814581994487501
0 0.000799388958498167
0 0.000846596524604521
0 0.000888605891234248
0 0.000943957515141095
0 0.00097912207236497
0 0.00104642311951426
0 0.00107540377878486
0 0.0011274099767221
0 0.00114339651631927
0.000270058201567736 0.00119035270632618
0.00065639668609947 0.00126422258373159
0.00796119826845825 0.00135413058697207
0.00563193359412253 0.00143785818269481
0.00230469071539119 0.00152126573219783
0.00167220697039738 0.0019591446847575
0.000221281949052354 0.00194156076746364
0.00105144403351005 0.00184573809429879
0.000812645917176269 0.00186537072002567
0.00141948567470536 0.00169062770603082
0.000216045276465593 0.0015851927841601
0 0.00165066377716958
0.00196319720707834 0.00154629098340689
0.000328044463094557 0.00171307680021702
0 0.00199956852695216
0.0017367044580169 0.00202306864003474
0.00138201070949435 0.00189903055834358
0.000982511471374892 0.00155230120833812
0.000787550027598627 0.00154280944776423
0.00137492967769504 0.00165355004627229
0.000290617903374368 0.00172234212916229
0 0.00183122417858164
0 0.00186030479475632
0 0.00203226104102848
0.000316126437974162 0.0020760802678246
0.00254304689588025 0.00214911359267486
0.00021928296337137 0.00230064929767818
0 0.00236926344112286
0 0.00292447001701215
0.00248310298193246 0.00251194171199928
0.0054146790644154 0.00204281263438232
0.00205461160512641 0.00220201575859869
0.00317393231671304 0.00192448349117032
0.00711970338597894 0.00204834583824459
0.00156973741832189 0.00191883505846071
0.00747737092897296 0.00191615806928175
0.00655603213235736 0.00197876265578577
0.00322397416457534 0.00201834379508026
0.000146256728839944 0.00222187650292387
0.000134801767853787 0.0023841536067142
0 0.00258796923389255
0.000122392016419326 0.00283140268963067
0.00155087577877566 0.00273796569868812
0.000216538053791737 0.00241440540328381
0.00305212492821738 0.00195062298807944
0.00183487880858593 0.00213239563197303
0 0.00236530685874886
0 0.00255554062816489
0.00509961652569473 0.00230542469964504
0.0138497035950422 0.00231097311936764
0.00291483846958727 0.00283481449101606
0.000852593098534271 0.00306256647384215
0 0.00303476688875099
0 0.00264548815226707
0 0.00270281085808918
0 0.00316915347583616
0 0.00325880937780004
0 0.0031906890717643
0 0.00331024575355765
0 0.00346321209944282
0 0.00330083811887966
0 0.00324646759697999
0 0.00324631570130015
0.000884909578599036 0.00321969834070639
0.00280825869413093 0.00340525751287759
0.00367411599727348 0.00300842106270416
0.00370700972853228 0.0030099768420573
0.00405776785919443 0.00285381954446209
0.00249183058622293 0.00313860656828627
0.000101917780557415 0.00354092195274768
0.000201966311578872 0.00372039040015848
0 0.00376250815259762
0.00569976351689547 0.00355949295658687
0.00151584701961838 0.00364765021511884
0.00217750984593295 0.00315335194098526
0.00257708585704677 0.00293371974334013
0.000150023212336237 0.00290267250649082
0.000197474698506994 0.00313919679196285
0.000126486916633439 0.00320319958221547
0.00663112476468086 0.00299493677972552
0.00184582473593764 0.00337967288485649
0 0.00335207632462851
0.000148773048204021 0.00359087883686061
0.000642825782415457 0.00300617082657952
0.00537063446827233 0.0029908626164358
0.000763531474513002 0.003324148355588
0.000802485321764834 0.00352688154030761
0 0.00371798318437124
0 0.00397232810529836
0 0.00412704070242569
0 0.00458719275165827
0 0.00434810045353167
0 0.00447354495996574
0 0.00377646784848769
0 0.00423701665828537
0 0.00448759156086215
0 0.00397630193339921
0 0.00390466814111933
0 0.00389682734214644
0 0.00417319030593628
0 0.00458150015502127
0 0.00491467157365376
0 0.00425785061445908
0 0.00387948497427373
0.00387118575163186 0.00458671381740926
0.0061378130922094 0.00412640384525785
0.000975220865802839 0.00380990479951575
0.00657142130658031 0.00365590171531813
0 0.0036141846589838
0.0129005989059806 0.00359033468594099
0.0219264250248671 0.00326301094638465
0.00565365697257221 0.003140137693842
0.00149348761187866 0.00312020878026751
0.00485634655924514 0.00316330521574234
0 0.00431222894727831
0.000542491022497416 0.00369888774871007
0.00128253915463574 0.0032294850214856
0.00725885471329093 0.00303877030657814
0.0339794375002384 0.00303364343501765
0 0.00289939378707572
0.000472961721243337 0.0029474687048918
0.00271024920511991 0.00305432887302178
0.00230458274600096 0.00289013441109969
0.000992708920966834 0.00279330575038409
0.00110024297609925 0.00273348980100579
0.0011526159098139 0.00252207591270269
0.00170624624588527 0.00249438380636133
0.00133068878785707 0.00277351912910008
0.00852285283617675 0.00311745746163489
0.00277572643244639 0.00293370220965871
0.00849545595701784 0.00268127231483873
0.0005072141851997 0.00258723623258283
0 0.0025490970093634
0 0.00274063043824981
0.00143289918196388 0.0028116292797566
0 0.00305608166573492
0.00302652816753834 0.00314739559780686
0.000847158717806451 0.00245461171823848
0.000792870623990893 0.0026088526973164
0 0.00277915166886057
0.000426623679231852 0.00254685803495434
0.000173720018210588 0.00241336406257761
0.000521032106189523 0.00246407206678141
0.00015963555269991 0.0025840676360157
0 0.00202380330830019
0 0.00204413310686106
0 0.00230809971372467
0 0.00251372927326117
0 0.00248841102802176
0 0.00212989492455982
0.00766270235180855 0.00176524363882568
0.00453923150198534 0.00163698224379948
0.00317773057613522 0.00155907800540448
0.000139987795409979 0.00165487469558432
0 0.00173479902301455
0.00673782178200781 0.00169087742461574
0.0026501082116738 0.00202604018349565
0.000336457294179127 0.00166126219306552
0.000272753192984965 0.00148942847247254
0.00369432686129585 0.00147583792433879
0.00417986253742129 0.00131682274396607
0.00368471554247662 0.00132335148373541
0.00045355304464465 0.00136139130212591
0.00371218031505123 0.00150338533132749
0 0.00148937567681166
0 0.00169442869024927
0 0.00186575071303697
0 0.00183855599926259
0.000334111592383124 0.0017643505562988
0.000588568374223542 0.00174891559987213
0.00084001804352738 0.00153346524936723
0 0.00152584632037326
0 0.00147650324118908
0 0.00143757992425473
0 0.00146865533824928
0.000336843123659492 0.00144037284274813
0.0116748109459877 0.00156870873326627
0.0051518278196454 0.00162860244788748
0.00399086895631626 0.00151731498783986
0.000152414274634793 0.00134500365748512
0 0.00137499459830961
0 0.00149732259480194
0.0011858618381666 0.00140194709006368
0.000699726672610268 0.00108630650611584
0 0.000915330240359941
0.000189756085455883 0.00102113604342228
0.00199641767540015 0.00105634071855469
0.00387695449171588 0.000993343625994953
0.00520088269840926 0.000933402013367415
0.000163683677965309 0.000972512547516672
0.0117259120568633 0.000914112771877004
0.000776752617093734 0.00105684371504443
0.0114514290355146 0.00100365626086965
0.00354825794929638 0.00111515085653145
0.00584227745421231 0.00102369579260849
0.0146145153790712 0.00106853965061575
0.0207096580881625 0.00113963383773944
0.00274752960540354 0.000935508228972392
0.00137456962256692 0.000885280043174104
0.00874367114156485 0.00101356888223008
0.00454599412623793 0.000964541476225327
0.00482792656403035 0.000856178002220631
0.0101371608674526 0.000767562760578219
0.00206976189510897 0.000702069474395034
0.00286057371413335 0.000746292287001302
0.00185077592614107 0.000739858749095466
0.0194714569486678 0.000721554595247497
0.0100915811257437 0.000644228559837402
0.000797638721996918 0.000606328511608098
0 0.000556059595554737
0.00456087252823636 0.000599378682676331
0.0134926496073604 0.000624455283459828
0 0.000598959732548516
0.00339325728127733 0.000559817295423651
0.00375358806923032 0.000504489326928824
0.000264607574354159 0.000495547377523983
0.0156743315979838 0.000685406396085758
0.00103825314436108 0.000596129309233068
0.00229393149493262 0.000526346817729939
0.00394238205626607 0.000520447139958419
0 0.000488310964824366
0 0.000534296161846811
0.000592952960869297 0.000565085500061464
0.00695939634460956 0.000506018540540744
0.00288694747723639 0.000378274730730716
0.01473647961393 0.000437937638777806
0.00284043765859678 0.000438573727080377
0 0.000392188401397063
0 0.000356523145291653
0 0.000376813074928678
0 0.000365348414960062
0 0.00039653365711987
0 0.000485342397922596
0 0.000481123692769852
0.00023965377768036 0.000450239662045945
0 0.000406292382743272
0 0.000437752620584092
0 0.000398330049115484
0 0.000391878608374788
0.00140933969523758 0.000401504987651722
0.00394172606756911 0.000392308935490734
0.00105412071570754 0.000360723355098431
0.000973104461445473 0.000405160814448234
0 0.000447890531914727
0 0.000443625569141503
0 0.000416088154772874
0 0.000381301382138005
0.00188063252717257 0.000487514408896111
0.00323141855187714 0.000492916584648396
0.00642586096655577 0.000421663012139513
0.00698230534326285 0.000465811299567236
0.00281279498012736 0.000440857756342369
0 0.000330100584711968
0.016470813145861 0.000406674052739279
0.0038580892374739 0.000333737798516022
0.00457815014524385 0.000385481772269684
0.00499312884639949 0.000449525821309606
0.00207573714433238 0.000349138899574703
0.0270773526281118 0.000404343753483853
0.00173215717077255 0.00036654957362724
0 0.000315935166823549
0.00712210480123758 0.000295836419671579
0.0044253418687731 0.0003969833509106
0 0.000337493038465911
0.000620518434152473 0.000348431436183653
0.0134369367733598 0.000417615906595915
0.00383601004723459 0.000386538346171961
0.0128755914978683 0.000422130745497312
0.00129669933230616 0.00040554506347311
0.00220071760704741 0.00040448664522442
0.00563630140386522 0.000360148273204414
0.00882148516830057 0.000383938157522252
0.00474424730055034 0.000462301236990198
0.00145696032559499 0.000450522796011339
0.00382908146129921 0.000442770645997759
0.00452471897006035 0.000409800604619432
0.00265603694133461 0.000413186086990185
0.000175501650664955 0.000358531333240336
0.00521458742441609 0.000349345180238548
0.000826921057887375 0.000405353794174873
0.00321938004344702 0.000380124302243638
0.00843534073792398 0.000518537792883625
0.000142442547075916 0.000443206940686197
0.00156319780508056 0.000427940732594183
0.00411687410669401 0.000450276590209429
0.00231096284114756 0.0004180808821162
0 0.000375168404924748
0.00757013848051429 0.000410003358454269
0.000579551240662113 0.000472493121812907
0.00250587367918342 0.000437730530406064
0.00963283726014197 0.000466727985296184
0.00382954068481922 0.000513075937889018
0.0148519386537373 0.000451626819742854
0.00490225759567693 0.000447202412395424
0.00855521662160754 0.000494750727814539
0.00376130214426666 0.000465644594025611
0 0.0004104988887873
0.0114683168940246 0.000465959430101597
0.00334584001684561 0.000510478606261812
0.000162237554104649 0.000555765203823935
0.00267755318200216 0.000547078710249069
0.00367705458775163 0.000525815807335966
0.00875928348395973 0.000587776194565433
0.00835984954610467 0.000593653827546664
0.0067523849196732 0.000550725519689147
0.00652489420026541 0.000607273933052372
0.00403858073987067 0.000573207838922539
0.000830166347441263 0.000515210417706238
0.00555152138695121 0.000528379315371239
0.0128402919508517 0.000558883620571847
0 0.000568125098500595
0.0116290616279002 0.000619829414954208
0.00694929719902575 0.000641219165751532
0 0.00062053276555314
0.0053356203250587 0.000699265884782082
0.000161770531485672 0.000737080369317829
0.00293158928398043 0.00077759294452493
0.00331686618737876 0.000796082875087444
0.00106097645766567 0.00067492453329185
0 0.000769291741586441
0.0013288440357428 0.000932478831059342
0.00412557326490059 0.00087804715014001
0.00107406354218256 0.000799823089755937
0.000552132791199256 0.000780167572007099
0.00526031835470349 0.000774004931490799
0.000857202935731038 0.000686892006913487
0.000236366231547436 0.000692287812685964
0.0121686726808548 0.000850723481362779
0.00137093653902411 0.000721442730792005
0.000342080857080873 0.000785873435714478
0 0.000836819008366542
0.000946336460765451 0.00100044873497117
0.00603271974250674 0.000997447251745748
0 0.00104356536743308
0 0.0011689376326979
0 0.000993804883176417
0 0.000884017155947332
0 0.000960779955733425
0 0.00095754588922299
0 0.000995046853344947
0 0.00116652620379286
0 0.00112862862875079
0 0.00110428020133371
0.00317476966883987 0.00115322837812586
0 0.00121891960604977
0.00626734492834657 0.00110552511240781
0.00354988581966609 0.00104089180397459
0.00195704546640627 0.000928432856365393
0.00259638015995733 0.000974723009159119
0.000839585694484413 0.000984216915067477
0.00610447931103408 0.00113226506196462
0.000737666204804555 0.00102899656110269
0.00178839759319089 0.00101882754848498
0.00410758653888479 0.00114374962641499
0.00162613185821101 0.00146955588196796
0 0.00173762330386698
0.00721081949304789 0.0017107645562719
0.000464294545236044 0.00153816103101034
0.00394662288017571 0.0016977200572852
0.00679506221786141 0.00172831786867128
0.00233608481939882 0.0015519899590623
0.00333947029430419 0.00162246970095667
0.00165073426323943 0.00177990485180951
0.004227894928772 0.00156015420568647
0.0007005448511336 0.00137440909002023
0 0.00156007047348448
0.000320830296550412 0.00158046743831926
8.77455506270053e-05 0.0015234923227233
0.000184811201324919 0.00155314793276813
0 0.00157067619274197
0 0.0016105205932123
0 0.0016198699404902
0 0.00170423173330871
0 0.00168535788417155
0 0.00161749329183556
0 0.00153839363136642
0.00159842034336179 0.00177021331304298
0.00197707072366029 0.0021058555849696
0.00282686683349311 0.00192126118157295
0.00320614994270727 0.00191431316100562
0.000317223576712422 0.00194366351606024
0.00428663562051952 0.00189782897363759
0.00198006620630622 0.0019832904182349
0.00634785206057131 0.00198224915530491
0 0.0021782335063934
0.000831539067439735 0.00222283185978311
0.00296923681162298 0.00228783580923742
0.00458134930813685 0.00214802214261512
0 0.00200043847661168
0 0.00196259451039579
0 0.00228791720656656
0.00293929330073297 0.00230825306090543
0.00166628782753833 0.00232018367906811
0.000501960499968845 0.00224336124060623
0.00424677181290463 0.00228585138040945
0.0032549055875279 0.00230526543639113
0.00990318884141743 0.00229137007578143
0.00670056464150548 0.00215992911911046
0.00296576576074585 0.00217498942727403
0.00247030130121857 0.00220948332633572
0 0.00248374743202042
0.000133753427508054 0.0027832107674473
0 0.00315387801375565
0 0.00309172840182844
0 0.00331059847680075
0.00243330677621998 0.00333624759810586
0.00704066036269069 0.00319802989404664
0.00013275739220262 0.00288528470364296
0.00716569048818201 0.00263643142144234
0.00871177318040281 0.00262915018229749
0.0102296706754714 0.00272966447465039
0.00800870668608695 0.00268159510976167
0.00130350140389055 0.00285022108165168
0.000995943680754863 0.00299562737865403
0.00446446544956416 0.00268657123131512
0.00170269897207618 0.00276468105760663
0 0.00298749709379152
0 0.00323061828051774
0.00104042447637767 0.00328207412790044
0.00314510338939726 0.00317233912344651
0.00198854219634086 0.00300078063419489
0.00771362241357565 0.00256285416842422
0.000205357190861832 0.00281605699840757
0 0.00340581301241821
0.00654038081411272 0.00349202298873987
0.00481559636536986 0.00353741590942701
0.00755732988473028 0.00357693205145825
0.00529172094538808 0.00338178115733662
0.000180175609420985 0.00343427106658596
0 0.00353686958322687
0 0.00378390314335132
0 0.00378703155902679
0.000989027431933209 0.00371157359139378
0.000893033214379102 0.00369574596850661
0.000289012998109683 0.00382845606091051
0.000686652946751565 0.00412746683166172
0 0.00380828500868413
0 0.00361576657374918
0 0.00342863625754073
0 0.00378450190927614
0 0.00392677872773209
0.000113885900645982 0.0036485624490239
0 0.00359203898594878
0.000746863562380895 0.00362340772679305
0.0120244859252125 0.00317905207701841
0.00495003601536155 0.00302333575058852
0.00054098059044918 0.00305572489793211
0 0.0033195639669694
0 0.0037246762566751
0 0.00393181256320883
0.000409915062482469 0.00388876377017994
0.00916113266721368 0.00364979518231515
0.0038629851071164 0.00355775790884575
0.00052833343797829 0.00331544827174189
0.00260150737012736 0.00318601928445391
0.00373891051858664 0.0031759979085899
0.000235873866768088 0.00346840580519876
0 0.0037340073452905
0 0.00390999621205343
0.000912384723778814 0.00395219014559674
0.00149701571208425 0.00350510276514252
0.000720837281551212 0.00352768328929483
0.000135769052576507 0.00359869064176455
0.000555282487766817 0.00368030947353812
0 0.00420880017202167
0.000522249237110373 0.00478213938316557
0.0139525055419654 0.0039498472090318
0.000292878286563791 0.00376761146420359
0 0.0038378267481384
0 0.00428241772107994
0 0.00439858909065891
0 0.00448876566085091
0 0.00441089165168181
0.000401805610454176 0.00427722896555088
0.000105740282015176 0.00342460998262305
0.00260540416929871 0.00340284672588995
0.000141982370769256 0.00329300288572188
0 0.00331779362583167
0.000824831449426711 0.00337448248880539
0.0107510279864073 0.00322670380084273
0.00769330530893058 0.00312743732691455
0.000411129010899458 0.00316985033703091
0 0.00318688461834462
0.00888837149832398 0.0031529134575998
0.00898181484080851 0.00348488979457683
0 0.00314816605919936
0.000793206633534282 0.00313893406111491
0.00290616131387651 0.00298208865089894
0.0177676352206618 0.00261919513999136
0.00177101766457781 0.00269452579046485
0.00112765541416593 0.00256911662218929
0.00301954677561298 0.0025795669479764
0.00374804721213877 0.00249267790691682
0.0034481214475818 0.00251388889094026
0.000123585759865819 0.00257988744474295
0.00167406508116983 0.00243633206607389
0.000812653775210492 0.00230090250245574
0.00246203700662591 0.00208884367922977
0.000679891344043426 0.002104204723303
0.00233227870194241 0.00214153908331228
0.00196103766211309 0.00213212448963375
0.0019263761874754 0.00203441244729201
0.00206820066086948 0.00213774802961867
0.0170743013732135 0.00220783573538576
0.00255598750663921 0.00242944363694991
0.000346914333931636 0.00232008481464326
0.00135248948936351 0.00262842485188094
0.00261379780713469 0.00236706610886158
0.00144005722249858 0.0023194018206848
0.000414471386466175 0.00227003142781209
0.00222753707785159 0.00215665642871933
0 0.00213944047213704
0 0.00236759538398144
0 0.00234333233256833
0.000227775258827023 0.00220607044382913
0.0018178969679866 0.00200527475699785
0 0.00176850788689161
0 0.0017126147801831
0 0.00178052081298443
0 0.00196121234805753
0 0.00194010314169869
0 0.00185724398785534
0 0.00194304743457375
0 0.00175047754316238
0.000846191079472192 0.00177165944542767
0.000838981725974008 0.00186329475356469
0.000166763477318455 0.00186808140436982
0 0.00203201353774943
0.00355331695172936 0.00194061247059503
0.000493479009310249 0.00179674002204285
0 0.00155031506332321
0 0.00145202799046807
0.00503428608644754 0.00144451501099563
0.00227018372970633 0.00140394812664386
0.00043057552393293 0.0015202483843843
0.000416140590095893 0.00159286410130444
0 0.00142722845127685
0 0.00161727975855786
0.000915557169355452 0.00150313051606032
0 0.00156037774876167
0.00165944662294351 0.00145499782383806
0 0.00127509674963697
0.000585400525596924 0.00149859546982103
0.0198346741497517 0.00118153574054459
0 0.00110386736222597
0.015118627762422 0.00107521766469398
0.00146400285302661 0.000905832922523816
0.00443098582327366 0.00103650833616268
0.00509755206294358 0.00107345801847714
0.00187533951248042 0.00105429991314423
0.00297794634243473 0.000947353689562613
0 0.000876074687794866
0.00147051920648664 0.000938287369742797
0.00452787287067622 0.000958760416688158
0.0132010058965534 0.00100086041455612
0.00509347782935947 0.00106984877595806
0.00924042966216803 0.00118537690445088
0.00418616782408208 0.00129527136684074
0.0016372197016608 0.00113706593597133
0.00137310802820139 0.000965435397402357
0.00560130800586194 0.000848728229293864
0 0.000833792571642433
0.00104927199427038 0.000986765486889808
0.00159586066729389 0.000919435622407609
0.00016684531874489 0.000867702628679206
0 0.000962358217010303
0 0.00108314691203397
0.00738210577983409 0.00106383143985549
0.00334391259821132 0.000715237445991323
0.00102309711801354 0.000991512592117619
0.0004451935106772 0.00115395991497473
0.00611605010926723 0.000901371786448763
0.00563953388482332 0.000789023948013478
0.00402934472076595 0.000642731257644336
0.00120487034437247 0.000556397426960095
0 0.000566177496953352
0.00181435220874846 0.000597020857468122
0.0184863549191505 0.000677290814008558
0.00678157028742135 0.000622197272514787
0.000585277311620303 0.000564002616606454
0.00592842476908118 0.000594363393979918
0.00845070539508015 0.00065385131812293
0.0018004423880484 0.000631932867918142
0.00434022898552939 0.000631496824401464
0.00766511948313564 0.000647073765295652
0 0.000545123027622399
0.00020293532506912 0.000531556495889383
0.00588770254980773 0.000545157444784115
0 0.000536613067174925
0 0.000533879572065226
0 0.000500798080977183
0.010599042288959 0.000470134449284478
0.00219876645714976 0.00058948055260468
0.00453653273871168 0.000459783023983436
0 0.000404492260911007
0.00405490470584482 0.00034827518866503
0.004565987479873 0.000434643989230789
0 0.00042895103553508
0.000199560770852258 0.000499095210383935
0.000658080269931816 0.00049505098666198
0 0.000496487791867236
0.00108912676514592 0.000440938074924586
0.00103481643309351 0.000397252245538271
0 0.000334249563587542
0 0.00033184172630253
0.00117282622377388 0.000356043721457437
0.000424197157553863 0.000363710078532624
0.00329754799604416 0.000396344876459977
0.000249661239649868 0.000337505914242295
0.00532330961432308 0.000388063317588333
0.000313476394512691 0.00036800855814719
0.00849827982019633 0.000352239565251907
0.0180896348319948 0.000335875604670678
0 0.000323194545506231
0.00483552874065936 0.000388930616764309
0 0.000347432715167286
0.0102591364178807 0.000357510866288915
0.00839537037536502 0.000480973250253501
0.00755374096333981 0.000510272799172075
0.000223587849905016 0.000383595597300544
0 0.000381927284839378
0.0006307069255854 0.000439960090519311
0.00238270873669535 0.000501878235441165
0.00852464635390788 0.000485036374563914
0.000659653762704693 0.000384696940579735
0 0.000349315917862369
0.0163778148824349 0.000309925874564119
0.0022410063771531 0.000294007285496806
0 0.000283469788762443
0 0.000292962519636496
0 0.000318582556464049
8.58487488585524e-05 0.00038571862474025
