0 4.68426513671875 0.000353062482513941
0.00275628942763433 8.05850219726562 0.0004377905251695
0.00126778208068572 10.293701171875 0.000506051465079881
0.000413489132188261 8.95150756835938 0.000468787772347503
0 8.67330932617188 0.000464067980895753
0.000539759176899679 8.1990966796875 0.000454023582626306
0.00288669790606946 8.49444580078125 0.000466080537018831
0.00455262819305062 9.520263671875 0.000500808189005818
0 4.97769165039062 0.000381153346384084
0 1.07086181640625 0.000301852329090782
0.00176930964225903 2.45050048828125 0.000331876834923063
0.00115965505829081 2.10308837890625 0.000327939368133835
0.00196948489174247 -0.362396240234375 0.000284256243258743
0.00415193382650614 2.51702880859375 0.000343297672197035
0 0.6566162109375 0.000309119181490184
0 -2.24420166015625 0.000261024669158154
0.00291073060361668 0.2589111328125 0.000308215108421169
0.0117532435571775 -0.90850830078125 0.000289932032180759
0 -1.0111083984375 0.000291412518619767
0.001625513745239 -0.592315673828125 0.000302588274623736
0.000886487786192447 -0.31744384765625 0.00031146420833247
0 -1.17947387695312 0.000298836664699101
0 -0.44976806640625 0.000316516375011209
0 -1.38290405273438 0.000302451997740022
0.0298002972733229 -0.39825439453125 0.000325553763826642
0.00247853542095982 5.33837890625 0.000470548686399486
0.00511131116654724 6.57342529296875 0.000514556823864697
0.00669443411752582 5.84368896484375 0.000498208586772063
0.0115447686519474 9.3507080078125 0.000627361742686731
0.00528762030880898 7.09738159179688 0.000552796252821595
0.00492421231465414 6.88552856445312 0.00055286883607316
0.000579473131801933 5.74603271484375 0.00052208111705666
0 2.84100341796875 0.000441924099218254
0.00377957018790767 6.6942138671875 0.000568801716065332
0.0025377458659932 6.61431884765625 0.000573715023889164
0.00538862162648002 2.8624267578125 0.000460872710456041
0.0015842053166125 4.27426147460938 0.000509946940725382
0.00278537452686578 2.7803955078125 0.000471243824785019
0.00224457643926144 3.62115478515625 0.000503318025533379
0.00814786241389811 4.601318359375 0.000542254987609944
0.016443925290514 3.80099487304688 0.000523155434572162
0.000828400765021797 1.5947265625 0.000462600967457815
0 1.334228515625 0.000461506355262289
0.0133239545859396 2.09274291992188 0.000490442152638144
0.00886084260419011 7.2437744140625 0.000684337822516155
0.000433660823910031 5.82308959960938 0.000635328187743143
0 5.0479736328125 0.000613907694802868
0 5.30477905273438 0.000632392339307848
0 3.39068603515625 0.000569386302276974
0 2.6927490234375 0.000552794094425233
0 1.89114379882812 0.000533232091904006
0 0.10137939453125 0.000483780316132655
0 0.179931640625 0.000492801464414007
0.000504029510557302 0.657470703125 0.000514544381901513
0.000569893323699944 1.31500244140625 0.000543253911788706
0.00021149840176804 3.04083251953125 0.000612815421156104
0 4.04364013671875 0.00066095014291407
0 3.17108154296875 0.000634586206050514
0 3.83920288085938 0.000670310303255844
0 4.96182250976562 0.000728243885569065
0 4.71865844726562 0.000726907769796036
0 4.52218627929688 0.00072763776867483
0 3.69180297851562 0.000700257610998948
0 4.83987426757812 0.000761811847168714
0.000572380352241453 6.94992065429688 0.000879658914842663
0.00664696970488876 7.47869873046875 0.0009208248307596
0.00507378779584542 8.1031494140625 0.000969592170101269
0.00137138098943979 4.89736938476562 0.000805082130780166
0.0024354828230571 1.85174560546875 0.000675112327809926
0.00017056937867892 -0.74249267578125 0.00058215410485535
0.00067825490841642 0.91650390625 0.000653424128801017
0.000181560391501989 2.54824829101562 0.00073213269931848
0.000682483866694383 2.68185424804688 0.000747508423689039
0.00639714896678925 5.50411987304688 0.000901588855356645
0.00817890982143581 5.12762451171875 0.000891744932559303
0.00144624275271781 3.08709716796875 0.000795493593352974
0.000654970059986226 2.80120849609375 0.000791131009323998
0.00417444992344826 3.41162109375 0.000831694386659535
0.00112643042521086 3.36544799804688 0.000839400305989864
0.00349972327239811 3.031982421875 0.000832162123107539
0.0177000982454047 2.21102905273438 0.000800367649681084
0.0086666627204977 1.09857177734375 0.000755946032353935
0.00015789197277627 0.138885498046875 0.000720732684515029
0 0.565277099609375 0.000748769182399747
0.000391054228384746 0.245880126953125 0.000742691854608242
0.000927783543738769 0.65899658203125 0.00077083474033386
0.000287129486241611 0.737030029296875 0.000783536555364912
0 0.539093017578125 0.000782878042057286
0 0.9962158203125 0.000814581994487501
0 0.510589599609375 0.000799388958498167
0 1.23956298828125 0.000846596524604521
0 1.83981323242188 0.000888605891234248
0 2.63482666015625 0.000943957515141095
0 3.04638671875 0.00097912207236497
0 3.94149780273438 0.00104642311951426
0 4.206298828125 0.00107540377878486
0 4.79348754882812 0.0011274099767221
0 4.84735107421875 0.00114339651631927
0.000270058201567736 5.32455444335938 0.00119035270632618
0.00065639668609947 6.12503051757812 0.00126422258373159
0.00796119826845825 7.0638427734375 0.00135413058697207
0.00563193359412253 7.86355590820312 0.00143785818269481
0.00230469071539119 8.6064453125 0.00152126573219783
0.00167220697039738 12.5213012695312 0.0019591446847575
0.000221281949052354 12.2120361328125 0.00194156076746364
0.00105144403351005 11.2332458496094 0.00184573809429879
0.000812645917176269 11.2428588867188 0.00186537072002567
0.00141948567470536 9.49679565429688 0.00169062770603082
0.000216045276465593 8.30001831054688 0.0015851927841601
0 8.79608154296875 0.00165066377716958
0.00196319720707834 7.58734130859375 0.00154629098340689
0.000328044463094557 9.08575439453125 0.00171307680021702
0 11.4277648925781 0.00199956852695216
0.0017367044580169 11.465576171875 0.00202306864003474
0.00138201070949435 10.2959899902344 0.00189903055834358
0.000982511471374892 6.89682006835938 0.00155230120833812
0.000787550027598627 6.65203857421875 0.00154280944776423
0.00137492967769504 7.62588500976562 0.00165355004627229
0.000290617903374368 8.14077758789062 0.00172234212916229
0 8.9886474609375 0.00183122417858164
0 9.10366821289062 0.00186030479475632
0 10.3922729492188 0.00203226104102848
0.000316126437974162 10.6007995605469 0.0020760802678246
0.00254304689588025 11.0247192382812 0.00214911359267486
0.00021928296337137 11.9918212890625 0.00230064929767818
0 12.3358459472656 0.00236926344112286
0 15.603515625 0.00292447001701215
0.00248310298193246 13.02490234375 0.00251194171199928
0.0054146790644154 9.56649780273438 0.00204281263438232
0.00205461160512641 10.6548767089844 0.00220201575859869
0.00317393231671304 8.36209106445312 0.00192448349117032
0.00711970338597894 9.25030517578125 0.00204834583824459
0.00156973741832189 8.0811767578125 0.00191883505846071
0.00747737092897296 7.9451904296875 0.00191615806928175
0.00655603213235736 8.35250854492188 0.00197876265578577
0.00322397416457534 8.56301879882812 0.00201834379508026
0.000146256728839944 10.0060119628906 0.00222187650292387
0.000134801767853787 11.0387573242188 0.0023841536067142
0 12.260009765625 0.00258796923389255
0.000122392016419326 13.6106567382812 0.00283140268963067
0.00155087577877566 12.9725952148438 0.00273796569868812
0.000216538053791737 10.8499145507812 0.00241440540328381
0.00305212492821738 7.31787109375 0.00195062298807944
0.00183487880858593 8.66592407226562 0.00213239563197303
0 10.2515869140625 0.00236530685874886
0 11.4157104492188 0.00255554062816489
0.00509961652569473 9.67367553710938 0.00230542469964504
0.0138497035950422 9.634521484375 0.00231097311936764
0.00291483846958727 12.8547668457031 0.00283481449101606
0.000852593098534271 14.029052734375 0.00306256647384215
0 13.8128356933594 0.00303476688875099
0 11.5325317382812 0.00264548815226707
0 11.8152160644531 0.00270281085808918
0 14.3225402832031 0.00316915347583616
0 14.7156677246094 0.00325880937780004
0 14.3212890625 0.0031906890717643
0 14.8641662597656 0.00331024575355765
0 15.5455932617188 0.00346321209944282
0 14.7271728515625 0.00330083811887966
0 14.418701171875 0.00324646759697999
0 14.3807067871094 0.00324631570130015
0.000884909578599036 14.2140502929688 0.00321969834070639
0.00280825869413093 15.0873413085938 0.00340525751287759
0.00367411599727348 13.0618286132812 0.00300842106270416
0.00370700972853228 13.0465698242188 0.0030099768420573
0.00405776785919443 12.1671752929688 0.00285381954446209
0.00249183058622293 13.6847229003906 0.00313860656828627
0.000101917780557415 15.6168518066406 0.00354092195274768
0.000201966311578872 16.4046325683594 0.00372039040015848
0 16.5800476074219 0.00376250815259762
0.00569976351689547 15.6827697753906 0.00355949295658687
0.00151584701961838 16.0782470703125 0.00364765021511884
0.00217750984593295 13.7339782714844 0.00315335194098526
0.00257708585704677 12.5774536132812 0.00293371974334013
0.000150023212336237 12.4172668457031 0.00290267250649082
0.000197474698506994 13.6956481933594 0.00313919679196285
0.000126486916633439 14.0395812988281 0.00320319958221547
0.00663112476468086 12.9771423339844 0.00299493677972552
0.00184582473593764 14.9517517089844 0.00337967288485649
0 14.8482666015625 0.00335207632462851
0.000148773048204021 15.9903869628906 0.00359087883686061
0.000642825782415457 13.1593322753906 0.00300617082657952
0.00537063446827233 13.1159057617188 0.0029908626164358
0.000763531474513002 14.8622131347656 0.003324148355588
0.000802485321764834 15.8626098632812 0.00352688154030761
0 16.7625122070312 0.00371798318437124
0 17.8818359375 0.00397232810529836
0 18.5533447265625 0.00412704070242569
0 20.3167114257812 0.00458719275165827
0 19.5148620605469 0.00434810045353167
0 20.0382080078125 0.00447354495996574
0 17.3737182617188 0.00377646784848769
0 19.3003234863281 0.00423701665828537
0 20.3006286621094 0.00448759156086215
0 18.4260864257812 0.00397630193339921
0 18.2122192382812 0.00390466814111933
0 18.261962890625 0.00389682734214644
0 19.4520263671875 0.00417319030593628
0 21.0452575683594 0.00458150015502127
0 22.267822265625 0.00491467157365376
0 20.0469055175781 0.00425785061445908
0 18.6414489746094 0.00387948497427373
0.00387118575163186 21.4405212402344 0.00458671381740926
0.0061378130922094 19.8353271484375 0.00412640384525785
0.000975220865802839 18.6512145996094 0.00380990479951575
0.00657142130658031 18.0911254882812 0.00365590171531813
0 18.0137939453125 0.0036141846589838
0.0129005989059806 18.01708984375 0.00359033468594099
0.0219264250248671 16.5875854492188 0.00326301094638465
0.00565365697257221 16.0830688476562 0.003140137693842
0.00149348761187866 16.0971374511719 0.00312020878026751
0.00485634655924514 16.4372863769531 0.00316330521574234
0 21.5556640625 0.00431222894727831
0.000542491022497416 19.2041625976562 0.00369888774871007
0.00128253915463574 17.140380859375 0.0032294850214856
0.00725885471329093 16.2856750488281 0.00303877030657814
0.0339794375002384 16.387451171875 0.00303364343501765
0 15.788330078125 0.00289939378707572
0.000472961721243337 16.1863708496094 0.0029474687048918
0.00271024920511991 16.8954162597656 0.00305432887302178
0.00230458274600096 16.140625 0.00289013441109969
0.000992708920966834 15.7292175292969 0.00279330575038409
0.00110024297609925 15.5200500488281 0.00273348980100579
0.0011526159098139 14.3634033203125 0.00252207591270269
0.00170624624588527 14.3287048339844 0.00249438380636133
0.00133068878785707 16.1846313476562 0.00277351912910008
0.00852285283617675 18.216796875 0.00311745746163489
0.00277572643244639 17.3851928710938 0.00293370220965871
0.00849545595701784 16.0838623046875 0.00268127231483873
0.0005072141851997 15.6594543457031 0.00258723623258283
0 15.5728759765625 0.0025490970093634
0 16.8958740234375 0.00274063043824981
0.00143289918196388 17.46435546875 0.0028116292797566
0 18.9664611816406 0.00305608166573492
0.00302652816753834 19.6002197265625 0.00314739559780686
0.000847158717806451 15.7507629394531 0.00245461171823848
0.000792870623990893 16.8954467773438 0.0026088526973164
0 18.0785217285156 0.00277915166886057
0.000426623679231852 16.8352355957031 0.00254685803495434
0.000173720018210588 16.1327819824219 0.00241336406257761
0.000521032106189523 16.6354370117188 0.00246407206678141
0.00015963555269991 17.5709838867188 0.0025840676360157
0 13.7992248535156 0.00202380330830019
0 14.1317138671875 0.00204413310686106
0 16.26318359375 0.00230809971372467
0 17.8135681152344 0.00251372927326117
0 17.8254699707031 0.00248841102802176
0 15.4927062988281 0.00212989492455982
0.00766270235180855 12.6416625976562 0.00176524363882568
0.00453923150198534 11.6039733886719 0.00163698224379948
0.00317773057613522 10.9977722167969 0.00155907800540448
0.000139987795409979 12.1410522460938 0.00165487469558432
0 13.0845336914062 0.00173479902301455
0.00673782178200781 12.8548889160156 0.00169087742461574
0.0026501082116738 15.956787109375 0.00202604018349565
0.000336457294179127 12.9414978027344 0.00166126219306552
0.000272753192984965 11.3680725097656 0.00148942847247254
0.00369432686129585 11.4090576171875 0.00147583792433879
0.00417986253742129 9.76031494140625 0.00131682274396607
0.00368471554247662 10.0313110351562 0.00132335148373541
0.00045355304464465 10.6808166503906 0.00136139130212591
0.00371218031505123 12.474609375 0.00150338533132749
0 12.5183715820312 0.00148937567681166
0 14.7947692871094 0.00169442869024927
0 16.5453796386719 0.00186575071303697
0 16.5068054199219 0.00183855599926259
0.000334111592383124 16.0417175292969 0.0017643505562988
0.000588568374223542 16.1005249023438 0.00174891559987213
0.00084001804352738 14.1817626953125 0.00153346524936723
0 14.30419921875 0.00152584632037326
0 13.9778747558594 0.00147650324118908
0 13.751953125 0.00143757992425473
0 14.3029479980469 0.00146865533824928
0.000336843123659492 14.1964416503906 0.00144037284274813
0.0116748109459877 15.78125 0.00156870873326627
0.0051518278196454 16.5948181152344 0.00162860244788748
0.00399086895631626 15.6634521484375 0.00151731498783986
0.000152414274634793 13.930419921875 0.00134500365748512
0 14.4983520507812 0.00137499459830961
0 16.0862121582031 0.00149732259480194
0.0011858618381666 15.2388000488281 0.00140194709006368
0.000699726672610268 11.3396911621094 0.00108630650611584
0 8.79348754882812 0.000915330240359941
0.000189756085455883 10.7745971679688 0.00102113604342228
0.00199641767540015 11.5389404296875 0.00105634071855469
0.00387695449171588 10.765625 0.000993343625994953
0.00520088269840926 9.98095703125 0.000933402013367415
0.000163683677965309 10.8629455566406 0.000972512547516672
0.0117259120568633 10.084716796875 0.000914112771877004
0.000776752617093734 12.6461181640625 0.00105684371504443
0.0114514290355146 12.0351257324219 0.00100365626086965
0.00354825794929638 13.9565734863281 0.00111515085653145
0.00584227745421231 12.79931640625 0.00102369579260849
0.0146145153790712 13.7141723632812 0.00106853965061575
0.0207096580881625 14.9768371582031 0.00113963383773944
0.00274752960540354 12.0174560546875 0.000935508228972392
0.00137456962256692 11.3516540527344 0.000885280043174104
0.00874367114156485 13.7588500976562 0.00101356888223008
0.00454599412623793 13.1837463378906 0.000964541476225327
0.00482792656403035 11.4861755371094 0.000856178002220631
0.0101371608674526 9.76174926757812 0.000767562760578219
0.00206976189510897 8.54541015625 0.000702069474395034
0.00286057371413335 9.75262451171875 0.000746292287001302
0.00185077592614107 9.83465576171875 0.000739858749095466
0.0194714569486678 9.65188598632812 0.000721554595247497
0.0100915811257437 8.04437255859375 0.000644228559837402
0.000797638721996918 7.28662109375 0.000606328511608098
0 6.11016845703125 0.000556059595554737
0.00456087252823636 7.53875732421875 0.000599378682676331
0.0134926496073604 8.41748046875 0.000624455283459828
0 7.96170043945312 0.000598959732548516
0.00339325728127733 7.08697509765625 0.000559817295423651
0.00375358806923032 5.62249755859375 0.000504489326928824
0.000264607574354159 5.5465087890625 0.000495547377523983
0.0156743315979838 10.9887390136719 0.000685406396085758
0.00103825314436108 8.94683837890625 0.000596129309233068
0.00229393149493262 7.14581298828125 0.000526346817729939
0.00394238205626607 7.16885375976562 0.000520447139958419
0 6.3433837890625 0.000488310964824366
0 7.9949951171875 0.000534296161846811
0.000592952960869297 9.09600830078125 0.000565085500061464
0.00695939634460956 7.50979614257812 0.000506018540540744
0.00288694747723639 3.00845336914062 0.000378274730730716
0.01473647961393 5.558837890625 0.000437937638777806
0.00284043765859678 5.76699829101562 0.000438573727080377
0 4.14511108398438 0.000392188401397063
0 2.78457641601562 0.000356523145291653
0 3.85052490234375 0.000376813074928678
0 3.5211181640625 0.000365348414960062
0 5.0067138671875 0.00039653365711987
0 8.42608642578125 0.000485342397922596
0 8.440185546875 0.000481123692769852
0.00023965377768036 7.51992797851562 0.000450239662045945
0 6.00787353515625 0.000406292382743272
0 7.34979248046875 0.000437752620584092
0 5.9609375 0.000398330049115484
0 5.824951171875 0.000391878608374788
0.00140933969523758 6.337646484375 0.000401504987651722
0.00394172606756911 6.07891845703125 0.000392308935490734
0.00105412071570754 4.83358764648438 0.000360723355098431
0.000973104461445473 6.8092041015625 0.000405160814448234
0 8.52142333984375 0.000447890531914727
0 8.45516967773438 0.000443625569141503
0 7.50250244140625 0.000416088154772874
0 6.16799926757812 0.000381301382138005
0.00188063252717257 10.1976623535156 0.000487514408896111
0.00323141855187714 10.4341735839844 0.000492916584648396
0.00642586096655577 7.967041015625 0.000421663012139513
0.00698230534326285 9.61651611328125 0.000465811299567236
0.00281279498012736 8.76412963867188 0.000440857756342369
0 4.12539672851562 0.000330100584711968
0.016470813145861 7.51004028320312 0.000406674052739279
0.0038580892374739 4.333984375 0.000333737798516022
0.00457815014524385 6.66278076171875 0.000385481772269684
0.00499312884639949 9.1378173828125 0.000449525821309606
0.00207573714433238 5.0496826171875 0.000349138899574703
0.0270773526281118 7.3974609375 0.000404343753483853
0.00173215717077255 5.78689575195312 0.00036654957362724
0 3.35452270507812 0.000315935166823549
0.00712210480123758 2.25091552734375 0.000295836419671579
0.0044253418687731 6.943115234375 0.0003969833509106
0 4.26580810546875 0.000337493038465911
0.000620518434152473 4.7139892578125 0.000348431436183653
0.0134369367733598 7.56161499023438 0.000417615906595915
0.00383601004723459 6.2333984375 0.000386538346171961
0.0128755914978683 7.5660400390625 0.000422130745497312
0.00129669933230616 6.82449340820312 0.00040554506347311
0.00220071760704741 6.68048095703125 0.00040448664522442
0.00563630140386522 4.6993408203125 0.000360148273204414
0.00882148516830057 5.61605834960938 0.000383938157522252
0.00474424730055034 8.49050903320312 0.000462301236990198
0.00145696032559499 7.94686889648438 0.000450522796011339
0.00382908146129921 7.53363037109375 0.000442770645997759
0.00452471897006035 6.14654541015625 0.000409800604619432
0.00265603694133461 6.13473510742188 0.000413186086990185
0.000175501650664955 3.69650268554688 0.000358531333240336
0.00521458742441609 3.12295532226562 0.000349345180238548
0.000826921057887375 5.36154174804688 0.000405353794174873
0.00321938004344702 4.16058349609375 0.000380124302243638
0.00843534073792398 8.99993896484375 0.000518537792883625
0.000142442547075916 6.29486083984375 0.000443206940686197
0.00156319780508056 5.55224609375 0.000427940732594183
0.00411687410669401 6.19174194335938 0.000450276590209429
0.00231096284114756 4.8104248046875 0.0004180808821162
0 2.87545776367188 0.000375168404924748
0.00757013848051429 4.11611938476562 0.000410003358454269
0.000579551240662113 6.20965576171875 0.000472493121812907
0.00250587367918342 4.77972412109375 0.000437730530406064
0.00963283726014197 5.6142578125 0.000466727985296184
0.00382954068481922 6.93878173828125 0.000513075937889018
0.0148519386537373 4.6763916015625 0.000451626819742854
0.00490225759567693 4.31060791015625 0.000447202412395424
0.00855521662160754 5.73135375976562 0.000494750727814539
0.00376130214426666 4.54263305664062 0.000465644594025611
0 2.297119140625 0.0004104988887873
0.0114683168940246 4.12710571289062 0.000465959430101597
0.00334584001684561 5.383544921875 0.000510478606261812
0.000162237554104649 6.53790283203125 0.000555765203823935
0.00267755318200216 6.066162109375 0.000547078710249069
0.00367705458775163 5.20816040039062 0.000525815807335966
0.00875928348395973 6.785400390625 0.000587776194565433
0.00835984954610467 6.7257080078125 0.000593653827546664
0.0067523849196732 5.29428100585938 0.000550725519689147
0.00652489420026541 6.64950561523438 0.000607273933052372
0.00403858073987067 5.49667358398438 0.000573207838922539
0.000830166347441263 3.55416870117188 0.000515210417706238
0.00555152138695121 3.73907470703125 0.000528379315371239
0.0128402919508517 4.42205810546875 0.000558883620571847
0 4.46426391601562 0.000568125098500595
0.0116290616279002 5.64688110351562 0.000619829414954208
0.00694929719902575 5.97195434570312 0.000641219165751532
0 5.22109985351562 0.00062053276555314
0.0053356203250587 6.92608642578125 0.000699265884782082
0.000161770531485672 7.55419921875 0.000737080369317829
0.00293158928398043 8.19625854492188 0.00077759294452493
0.00331686618737876 8.35479736328125 0.000796082875087444
0.00106097645766567 5.47186279296875 0.00067492453329185
0 7.36322021484375 0.000769291741586441
0.0013288440357428 10.2472229003906 0.000932478831059342
0.00412557326490059 9.05892944335938 0.00087804715014001
0.00107406354218256 7.33642578125 0.000799823089755937
0.000552132791199256 6.71832275390625 0.000780167572007099
0.00526031835470349 6.3743896484375 0.000774004931490799
0.000857202935731038 4.23333740234375 0.000686892006913487
0.000236366231547436 4.1451416015625 0.000692287812685964
0.0121686726808548 7.25555419921875 0.000850723481362779
0.00137093653902411 4.38427734375 0.000721442730792005
0.000342080857080873 5.55224609375 0.000785873435714478
0 6.35452270507812 0.000836819008366542
0.000946336460765451 9.02523803710938 0.00100044873497117
0.00603271974250674 8.76788330078125 0.000997447251745748
0 9.28900146484375 0.00104356536743308
0 10.9119873046875 0.0011689376326979
0 8.08822631835938 0.000993804883176417
0 5.99526977539062 0.000884017155947332
0 7.13455200195312 0.000960779955733425
0 6.87747192382812 0.00095754588922299
0 7.29547119140625 0.000995046853344947
0 9.65939331054688 0.00116652620379286
0 8.92727661132812 0.00112862862875079
0 8.377197265625 0.00110428020133371
0.00317476966883987 8.87954711914062 0.00115322837812586
0 9.5770263671875 0.00121891960604977
0.00626734492834657 7.80718994140625 0.00110552511240781
0.00354988581966609 6.64175415039062 0.00104089180397459
0.00195704546640627 4.60501098632812 0.000928432856365393
0.00259638015995733 5.19830322265625 0.000974723009159119
0.000839585694484413 5.16433715820312 0.000984216915067477
0.00610447931103408 7.2353515625 0.00113226506196462
0.000737666204804555 5.5048828125 0.00102899656110269
0.00178839759319089 5.15792846679688 0.00101882754848498
0.00410758653888479 6.83782958984375 0.00114374962641499
0.00162613185821101 10.6961669921875 0.00146955588196796
0 13.2155456542969 0.00173762330386698
0.00721081949304789 12.5858764648438 0.0017107645562719
0.000464294545236044 10.6896362304688 0.00153816103101034
0.00394662288017571 12.1019287109375 0.0016977200572852
0.00679506221786141 12.211669921875 0.00172831786867128
0.00233608481939882 10.2989196777344 0.0015519899590623
0.00333947029430419 10.8394165039062 0.00162246970095667
0.00165073426323943 12.1585998535156 0.00177990485180951
0.004227894928772 9.85995483398438 0.00156015420568647
0.0007005448511336 7.64349365234375 0.00137440909002023
0 9.51654052734375 0.00156007047348448
0.000320830296550412 9.5567626953125 0.00158046743831926
8.77455506270053e-05 8.796630859375 0.0015234923227233
0.000184811201324919 8.94097900390625 0.00155314793276813
0 8.95675659179688 0.00157067619274197
0 9.19696044921875 0.0016105205932123
0 9.12786865234375 0.0016198699404902
0 9.78567504882812 0.00170423173330871
0 9.44644165039062 0.00168535788417155
0 8.6253662109375 0.00161749329183556
0 7.65997314453125 0.00153839363136642
0.00159842034336179 9.76864624023438 0.00177021331304298
0.00197707072366029 12.415283203125 0.0021058555849696
0.00282686683349311 10.7834167480469 0.00192126118157295
0.00320614994270727 10.5743408203125 0.00191431316100562
0.000317223576712422 10.6706848144531 0.00194366351606024
0.00428663562051952 10.1383056640625 0.00189782897363759
0.00198006620630622 10.702880859375 0.0019832904182349
0.00634785206057131 10.5502014160156 0.00198224915530491
0 11.9283447265625 0.0021782335063934
0.000831539067439735 12.1144104003906 0.00222283185978311
0.00296923681162298 12.4402160644531 0.00228783580923742
0.00458134930813685 11.2857971191406 0.00214802214261512
0 10.0021667480469 0.00200043847661168
0 9.56039428710938 0.00196259451039579
0 11.9023132324219 0.00228791720656656
0.00293929330073297 11.9150695800781 0.00230825306090543
0.00166628782753833 11.8701782226562 0.00232018367906811
0.000501960499968845 11.2010192871094 0.00224336124060623
0.00424677181290463 11.3795776367188 0.00228585138040945
0.0032549055875279 11.3939514160156 0.00230526543639113
0.00990318884141743 11.1764831542969 0.00229137007578143
0.00670056464150548 10.1058349609375 0.00215992911911046
0.00296576576074585 10.1022338867188 0.00217498942727403
0.00247030130121857 10.2425537109375 0.00220948332633572
0 12.0185852050781 0.00248374743202042
0.000133753427508054 13.7457275390625 0.0027832107674473
0 15.6557006835938 0.00315387801375565
0 15.23046875 0.00309172840182844
0 16.2318725585938 0.00331059847680075
0.00243330677621998 16.2570190429688 0.00333624759810586
0.00704066036269069 15.4777526855469 0.00319802989404664
0.00013275739220262 13.7236328125 0.00288528470364296
0.00716569048818201 12.1771850585938 0.00263643142144234
0.00871177318040281 12.0435791015625 0.00262915018229749
0.0102296706754714 12.5624084472656 0.00272966447465039
0.00800870668608695 12.1922912597656 0.00268159510976167
0.00130350140389055 13.0951538085938 0.00285022108165168
0.000995943680754863 13.8197631835938 0.00299562737865403
0.00446446544956416 11.9884643554688 0.00268657123131512
0.00170269897207618 12.3786010742188 0.00276468105760663
0 13.5596313476562 0.00298749709379152
0 14.7554016113281 0.00323061828051774
0.00104042447637767 14.9472045898438 0.00328207412790044
0.00314510338939726 14.3387451171875 0.00317233912344651
0.00198854219634086 13.3851928710938 0.00300078063419489
0.00771362241357565 10.7871704101562 0.00256285416842422
0.000205357190861832 12.25634765625 0.00281605699840757
0 15.2760314941406 0.00340581301241821
0.00654038081411272 15.6353149414062 0.00349202298873987
0.00481559636536986 15.8030395507812 0.00353741590942701
0.00755732988473028 15.9449768066406 0.00357693205145825
0.00529172094538808 15.0062255859375 0.00338178115733662
0.000180175609420985 15.2241821289062 0.00343427106658596
0 15.6719360351562 0.00353686958322687
0 16.7372741699219 0.00378390314335132
0 16.73046875 0.00378703155902679
0.000989027431933209 16.3891906738281 0.00371157359139378
0.000893033214379102 16.3070983886719 0.00369574596850661
0.000289012998109683 16.866455078125 0.00382845606091051
0.000686652946751565 18.0732421875 0.00412746683166172
0 16.7724609375 0.00380828500868413
0 15.9366455078125 0.00361576657374918
0 15.0839233398438 0.00342863625754073
0 16.6846008300781 0.00378450190927614
0 17.291259765625 0.00392677872773209
0.000113885900645982 16.1209106445312 0.0036485624490239
0 15.8874816894531 0.00359203898594878
0.000746863562380895 16.0495910644531 0.00362340772679305
0.0120244859252125 13.9647216796875 0.00317905207701841
0.00495003601536155 13.1834411621094 0.00302333575058852
0.00054098059044918 13.3874816894531 0.00305572489793211
0 14.7587890625 0.0033195639669694
0 16.6549072265625 0.0037246762566751
0 17.570068359375 0.00393181256320883
0.000409915062482469 17.4380493164062 0.00388876377017994
0.00916113266721368 16.4639587402344 0.00364979518231515
0.0038629851071164 16.1040649414062 0.00355775790884575
0.00052833343797829 15.0216064453125 0.00331544827174189
0.00260150737012736 14.437744140625 0.00318601928445391
0.00373891051858664 14.4484558105469 0.0031759979085899
0.000235873866768088 15.93359375 0.00346840580519876
0 17.1913452148438 0.0037340073452905
0 18.0047912597656 0.00390999621205343
0.000912384723778814 18.2514953613281 0.00395219014559674
0.00149701571208425 16.3916931152344 0.00350510276514252
0.000720837281551212 16.5746154785156 0.00352768328929483
0.000135769052576507 16.9782104492188 0.00359869064176455
0.000555282487766817 17.4248657226562 0.00368030947353812
0 19.6767272949219 0.00420880017202167
0.000522249237110373 21.826904296875 0.00478213938316557
0.0139525055419654 18.8358154296875 0.0039498472090318
0.000292878286563791 18.1694946289062 0.00376761146420359
0 18.5653991699219 0.0038378267481384
0 20.4338989257812 0.00428241772107994
0 20.9686279296875 0.00439858909065891
0 21.4013671875 0.00448876566085091
0 21.2268676757812 0.00441089165168181
0.000401805610454176 20.8406372070312 0.00427722896555088
0.000105740282015176 17.3672180175781 0.00342460998262305
0.00260540416929871 17.3789672851562 0.00340284672588995
0.000141982370769256 16.9664916992188 0.00329300288572188
0 17.2063598632812 0.00331779362583167
0.000824831449426711 17.6006164550781 0.00337448248880539
0.0107510279864073 17.0014038085938 0.00322670380084273
0.00769330530893058 16.6224975585938 0.00312743732691455
0.000411129010899458 16.9668273925781 0.00316985033703091
0 17.1822814941406 0.00318688461834462
0.00888837149832398 17.1403503417969 0.0031529134575998
0.00898181484080851 18.8878173828125 0.00348488979457683
0 17.3834838867188 0.00314816605919936
0.000793206633534282 17.4725646972656 0.00313893406111491
0.00290616131387651 16.7840270996094 0.00298208865089894
0.0177676352206618 14.8311462402344 0.00261919513999136
0.00177101766457781 15.43017578125 0.00269452579046485
0.00112765541416593 14.8048400878906 0.00256911662218929
0.00301954677561298 15.0153503417969 0.0025795669479764
0.00374804721213877 14.609375 0.00249267790691682
0.0034481214475818 14.8943176269531 0.00251388889094026
0.000123585759865819 15.462158203125 0.00257988744474295
0.00167406508116983 14.6901550292969 0.00243633206607389
0.000812653775210492 13.920654296875 0.00230090250245574
0.00246203700662591 12.5155944824219 0.00208884367922977
0.000679891344043426 12.7897338867188 0.002104204723303
0.00233227870194241 13.2308349609375 0.00214153908331228
0.00196103766211309 13.3186645507812 0.00213212448963375
0.0019263761874754 12.7223510742188 0.00203441244729201
0.00206820066086948 13.6832275390625 0.00213774802961867
0.0170743013732135 14.36669921875 0.00220783573538576
0.00255598750663921 16.073974609375 0.00242944363694991
0.000346914333931636 15.4970092773438 0.00232008481464326
0.00135248948936351 17.6768798828125 0.00262842485188094
0.00261379780713469 16.15625 0.00236706610886158
0.00144005722249858 15.9981079101562 0.0023194018206848
0.000414471386466175 15.8223571777344 0.00227003142781209
0.00222753707785159 15.1685791015625 0.00215665642871933
0 15.2131958007812 0.00213944047213704
0 17.0227355957031 0.00236759538398144
0 17.0330505371094 0.00234333233256833
0.000227775258827023 16.2372131347656 0.00220607044382913
0.0018178969679866 14.8769836425781 0.00200527475699785
0 13.0307006835938 0.00176850788689161
0 12.6942138671875 0.0017126147801831
0 13.5041198730469 0.00178052081298443
0 15.2470703125 0.00196121234805753
0 15.2577209472656 0.00194010314169869
0 14.7401428222656 0.00185724398785534
0 15.6562194824219 0.00194304743457375
0 14.1616821289062 0.00175047754316238
0.000846191079472192 14.5457153320312 0.00177165944542767
0.000838981725974008 15.5503234863281 0.00186329475356469
0.000166763477318455 15.7841186523438 0.00186808140436982
0 17.3344116210938 0.00203201353774943
0.00355331695172936 16.786865234375 0.00194061247059503
0.000493479009310249 15.7403869628906 0.00179674002204285
0 13.5581970214844 0.00155031506332321
0 12.7000427246094 0.00145202799046807
0.00503428608644754 12.8157653808594 0.00144451501099563
0.00227018372970633 12.5568542480469 0.00140394812664386
0.00043057552393293 14.0421447753906 0.0015202483843843
0.000416140590095893 14.9974975585938 0.00159286410130444
0 13.430419921875 0.00142722845127685
0 15.6517028808594 0.00161727975855786
0.000915557169355452 14.6771850585938 0.00150313051606032
0 15.4871826171875 0.00156037774876167
0.00165944662294351 14.5675659179688 0.00145499782383806
0 12.6480407714844 0.00127509674963697
0.000585400525596924 15.4632263183594 0.00149859546982103
0.0198346741497517 11.8403930664062 0.00118153574054459
0 10.9559326171875 0.00110386736222597
0.015118627762422 10.7449951171875 0.00107521766469398
0.00146400285302661 8.19424438476562 0.000905832922523816
0.00443098582327366 10.5828247070312 0.00103650833616268
0.00509755206294358 11.3637390136719 0.00107345801847714
0.00187533951248042 11.2901000976562 0.00105429991314423
0.00297794634243473 9.7825927734375 0.000947353689562613
0 8.73941040039062 0.000876074687794866
0.00147051920648664 10.0651550292969 0.000938287369742797
0.00452787287067622 10.6332397460938 0.000958760416688158
0.0132010058965534 11.5469970703125 0.00100086041455612
0.00509347782935947 12.8433837890625 0.00106984877595806
0.00924042966216803 14.7191772460938 0.00118537690445088
0.00418616782408208 16.37158203125 0.00129527136684074
0.0016372197016608 14.4933776855469 0.00113706593597133
0.00137310802820139 12.0775756835938 0.000965435397402357
0.00560130800586194 10.2232360839844 0.000848728229293864
0 10.1609191894531 0.000833792571642433
0.00104927199427038 13.1021118164062 0.000986765486889808
0.00159586066729389 12.1867065429688 0.000919435622407609
0.00016684531874489 11.4772338867188 0.000867702628679206
0 13.3717956542969 0.000962358217010303
0 15.0943908691406 0.00108314691203397
0.00738210577983409 15.0264587402344 0.00106383143985549
0.00334391259821132 8.84512329101562 0.000715237445991323
0.00102309711801354 14.3351135253906 0.000991512592117619
0.0004451935106772 17.0039367675781 0.00115395991497473
0.00611605010926723 13.2407531738281 0.000901371786448763
0.00563953388482332 11.3144226074219 0.000789023948013478
0.00402934472076595 8.22702026367188 0.000642731257644336
0.00120487034437247 6.11996459960938 0.000556397426960095
0 6.61962890625 0.000566177496953352
0.00181435220874846 7.69284057617188 0.000597020857468122
0.0184863549191505 9.94406127929688 0.000677290814008558
0.00678157028742135 8.79095458984375 0.000622197272514787
0.000585277311620303 7.42108154296875 0.000564002616606454
0.00592842476908118 8.47921752929688 0.000594363393979918
0.00845070539508015 10.2285461425781 0.00065385131812293
0.0018004423880484 9.8875732421875 0.000631932867918142
0.00434022898552939 10.0834350585938 0.000631496824401464
0.00766511948313564 10.6813049316406 0.000647073765295652
0 8.1185302734375 0.000545123027622399
0.00020293532506912 7.91207885742188 0.000531556495889383
0.00588770254980773 8.51693725585938 0.000545157444784115
0 8.45663452148438 0.000536613067174925
0 8.56570434570312 0.000533879572065226
0 7.72216796875 0.000500798080977183
0.010599042288959 6.8878173828125 0.000470134449284478
0.00219876645714976 10.7176818847656 0.00058948055260468
0.00453653273871168 6.8870849609375 0.000459783023983436
0 4.99380493164062 0.000404492260911007
0.00405490470584482 2.74920654296875 0.00034827518866503
0.004565987479873 6.48681640625 0.000434643989230789
0 6.4339599609375 0.00042895103553508
0.000199560770852258 9.03167724609375 0.000499095210383935
0.000658080269931816 9.05026245117188 0.00049505098666198
0 9.24151611328125 0.000496487791867236
0.00108912676514592 7.46673583984375 0.000440938074924586
0.00103481643309351 5.917236328125 0.000397252245538271
0 3.2593994140625 0.000334249563587542
0 3.26406860351562 0.00033184172630253
0.00117282622377388 4.51446533203125 0.000356043721457437
0.000424197157553863 4.96658325195312 0.000363710078532624
0.00329754799604416 6.45437622070312 0.000396344876459977
0.000249661239649868 3.95745849609375 0.000337505914242295
0.00532330961432308 6.29690551757812 0.000388063317588333
0.000313476394512691 5.52200317382812 0.00036800855814719
0.00849827982019633 4.88931274414062 0.000352239565251907
0.0180896348319948 4.18832397460938 0.000335875604670678
0 3.6263427734375 0.000323194545506231
0.00483552874065936 6.66372680664062 0.000388930616764309
0 4.8873291015625 0.000347432715167286
0.0102591364178807 5.38418579101562 0.000357510866288915
0.00839537037536502 10.1965942382812 0.000480973250253501
0.00755374096333981 11.1702575683594 0.000510272799172075
0.000223587849905016 6.57968139648438 0.000383595597300544
0 6.51336669921875 0.000381927284839378
0.0006307069255854 8.7908935546875 0.000439960090519311
0.00238270873669535 10.9027099609375 0.000501878235441165
0.00852464635390788 10.332275390625 0.000485036374563914
0.000659653762704693 6.5662841796875 0.000384696940579735
0 4.97451782226562 0.000349315917862369
0.0163778148824349 3.0013427734375 0.000309925874564119
0.0022410063771531 2.0997314453125 0.000294007285496806
0 1.4522705078125 0.000283469788762443
0 1.91726684570312 0.000292962519636496
0 3.19580078125 0.000318582556464049
8.58487488585524e-05 6.19915771484375 0.00038571862474025
