371892.5 436832.5 37.240002
371897.5 436832.5 37
371902.5 436832.5 37
371907.5 436832.5 37
371912.5 436832.5 37
371917.5 436832.5 37
371887.5 436827.5 37.27
371922.5 436827.5 36.84
371927.5 436827.5 36.349998
371932.5 436827.5 36.349998
371937.5 436827.5 36.349998
371882.5 436822.5 37.27
371942.5 436822.5 36.349998
371947.5 436822.5 36.349998
371877.5 436817.5 37.27
371952.5 436817.5 36.349998
371877.5 436812.5 37.27
371957.5 436812.5 36.349998
371877.5 436807.5 37.459999
371962.5 436807.5 36.349998
371877.5 436802.5 37.950001
371967.5 436802.5 36.349998
371872.5 436797.5 38.73
371972.5 436797.5 36.349998
371842.5 436792.5 36.990002
371847.5 436792.5 36.990002
371852.5 436792.5 37.279999
371857.5 436792.5 37.610001
371862.5 436792.5 38.009998
371867.5 436792.5 38.900002
371972.5 436792.5 36.310001
371837.5 436787.5 36.990002
371972.5 436787.5 36.310001
371832.5 436782.5 36.990002
371977.5 436782.5 36.310001
371832.5 436777.5 36.990002
371977.5 436777.5 36.310001
371817.5 436772.5 36.52
371822.5 436772.5 36.720001
371827.5 436772.5 36.939999
371977.5 436772.5 36.310001
371982.5 436772.5 36.369999
371807.5 436767.5 36.419998
371812.5 436767.5 36.52
371987.5 436767.5 36.459999
371802.5 436762.5 36.419998
371987.5 436762.5 36.66
371797.5 436757.5 36.419998
371987.5 436757.5 36.43
371792.5 436752.5 36.419998
371987.5 436752.5 36.360001
371787.5 436747.5 36.419998
371987.5 436747.5 36.290001
371782.5 436742.5 36.419998
371987.5 436742.5 36.279999
371777.5 436737.5 36.419998
371987.5 436737.5 36.279999
371772.5 436732.5 36.419998
371987.5 436732.5 36.279999
371767.5 436727.5 36.419998
371987.5 436727.5 36.279999
371762.5 436722.5 36.419998
371987.5 436722.5 36.279999
371757.5 436717.5 36.419998
371987.5 436717.5 36.279999
371752.5 436712.5 36.369999
371992.5 436712.5 36.279999
371752.5 436707.5 36.369999
371992.5 436707.5 36.48
371747.5 436702.5 36.369999
371992.5 436702.5 36.48
371747.5 436697.5 36.369999
371992.5 436697.5 36.48
371742.5 436692.5 36.369999
371987.5 436692.5 36.48
371737.5 436687.5 36.369999
371987.5 436687.5 36.48
371732.5 436682.5 36.369999
371987.5 436682.5 36.48
371727.5 436677.5 36.369999
371987.5 436677.5 36.48
371722.5 436672.5 36.369999
371987.5 436672.5 36.48
371717.5 436667.5 36.369999
371992.5 436667.5 36.080002
371712.5 436662.5 36.369999
371992.5 436662.5 36.080002
371707.5 436657.5 36.369999
371992.5 436657.5 36.080002
371702.5 436652.5 36.189999
371992.5 436652.5 36.080002
371697.5 436647.5 36.009998
371992.5 436647.5 36.080002
371692.5 436642.5 35.98
371992.5 436642.5 36.82
371687.5 436637.5 35.98
371992.5 436637.5 36.959999
371677.5 436632.5 35.98
371682.5 436632.5 35.98
371992.5 436632.5 37
371672.5 436627.5 35.98
371992.5 436627.5 37.029999
371667.5 436622.5 35.98
371992.5 436622.5 37.060001
371502.5 436617.5 35.630001
371507.5 436617.5 35.630001
371512.5 436617.5 35.700001
371647.5 436617.5 35.799999
371652.5 436617.5 35.82
371657.5 436617.5 35.98
371662.5 436617.5 35.98
371992.5 436617.5 37.099998
371517.5 436612.5 35.700001
371642.5 436612.5 35.799999
371992.5 436612.5 37.099998
371522.5 436607.5 35.700001
371527.5 436607.5 35.700001
371532.5 436607.5 35.700001
371637.5 436607.5 35.799999
371992.5 436607.5 37.18
371537.5 436602.5 35.700001
371632.5 436602.5 35.799999
371997.5 436602.5 37.220001
371542.5 436597.5 35.700001
371547.5 436597.5 35.700001
371552.5 436597.5 35.700001
371557.5 436597.5 35.700001
371562.5 436597.5 35.700001
371622.5 436597.5 35.799999
371627.5 436597.5 35.799999
371997.5 436597.5 37.299999
371567.5 436592.5 35.700001
371612.5 436592.5 35.799999
371617.5 436592.5 35.799999
372002.5 436592.5 37.34
371572.5 436587.5 35.700001
371577.5 436587.5 35.700001
371592.5 436587.5 35.799999
371597.5 436587.5 35.799999
371602.5 436587.5 35.799999
371607.5 436587.5 35.799999
372002.5 436587.5 37.380001
371582.5 436582.5 35.700001
371587.5 436582.5 35.709999
372002.5 436582.5 37.459999
372002.5 436577.5 37.549999
372002.5 436572.5 37.630001
372002.5 436567.5 37.709999
372002.5 436562.5 37.689999
372002.5 436557.5 37.48
372002.5 436552.5 37.48
372002.5 436547.5 37.48
372002.5 436542.5 37.48
372002.5 436537.5 37.48
372007.5 436532.5 37.48
372007.5 436527.5 37.48
372007.5 436522.5 37.48
372007.5 436517.5 37.48
372007.5 436512.5 37.419998
372007.5 436507.5 37.419998
372002.5 436502.5 37.259998
372002.5 436497.5 37.240002
372002.5 436492.5 37.240002
371997.5 436487.5 37.299999
371997.5 436482.5 37.419998
371997.5 436477.5 37.560001
372002.5 436472.5 37.560001
372007.5 436467.5 37.560001
372007.5 436462.5 37.560001
372007.5 436457.5 37.560001
372007.5 436452.5 37.610001
372007.5 436447.5 37.720001
372007.5 436442.5 37.720001
372007.5 436437.5 37.720001
372007.5 436432.5 37.720001
372007.5 436427.5 37.720001
372002.5 436422.5 37.720001
372002.5 436417.5 37.720001
372002.5 436412.5 37.720001
372002.5 436407.5 37.720001
372002.5 436402.5 37.720001
372002.5 436397.5 37.720001
372002.5 436392.5 37.720001
372002.5 436387.5 37.720001
372002.5 436382.5 37.720001
372002.5 436377.5 37.720001
372432.5 436377.5 37.93
372437.5 436377.5 37.93
372442.5 436377.5 37.93
372447.5 436377.5 37.93
372452.5 436377.5 37.970001
372457.5 436377.5 38.009998
372462.5 436377.5 38.02
372467.5 436377.5 38.02
372472.5 436377.5 38.02
372477.5 436377.5 38.02
372482.5 436377.5 38.02
372487.5 436377.5 38.02
372492.5 436377.5 38.02
372497.5 436377.5 38.02
372502.5 436377.5 38.02
372507.5 436377.5 38.02
372512.5 436377.5 38.02
372517.5 436377.5 38.02
372002.5 436372.5 37.720001
372422.5 436372.5 37.93
372427.5 436372.5 37.93
372522.5 436372.5 38.02
372527.5 436372.5 37.540001
372532.5 436372.5 37.540001
372002.5 436367.5 37.330002
372412.5 436367.5 37.900002
372417.5 436367.5 37.900002
372537.5 436367.5 37.540001
372542.5 436367.5 37.540001
372002.5 436362.5 37.330002
372407.5 436362.5 37.900002
372547.5 436362.5 37.540001
372002.5 436357.5 37.330002
372397.5 436357.5 38.119999
372402.5 436357.5 38.119999
372552.5 436357.5 37.709999
372557.5 436357.5 37.709999
372002.5 436352.5 37.389999
372392.5 436352.5 38.27
372562.5 436352.5 37.880001
372567.5 436352.5 37.91
372002.5 436347.5 37.490002
372377.5 436347.5 38.27
372382.5 436347.5 38.27
372387.5 436347.5 38.27
372572.5 436347.5 38.080002
372002.5 436342.5 37.580002
372367.5 436342.5 38.220001
372372.5 436342.5 38.279999
372577.5 436342.5 38.48
372002.5 436337.5 37.68
372362.5 436337.5 38.220001
372582.5 436337.5 38.799999
372002.5 436332.5 37.77
372357.5 436332.5 38.220001
372587.5 436332.5 38.799999
372002.5 436327.5 37.77
372347.5 436327.5 38.220001
372352.5 436327.5 38.220001
372592.5 436327.5 38.799999
372002.5 436322.5 37.77
372342.5 436322.5 38.220001
372592.5 436322.5 38.799999
371997.5 436317.5 37.93
372337.5 436317.5 38.220001
372592.5 436317.5 38.799999
371997.5 436312.5 37.93
372332.5 436312.5 38.220001
372592.5 436312.5 38.799999
371997.5 436307.5 37.990002
372327.5 436307.5 38.220001
372592.5 436307.5 38.799999
371997.5 436302.5 37.990002
372322.5 436302.5 38.200001
372597.5 436302.5 38.799999
372002.5 436297.5 37.990002
372317.5 436297.5 38.200001
372602.5 436297.5 38.799999
372607.5 436297.5 38.889999
372002.5 436292.5 37.990002
372312.5 436292.5 38.279999
372612.5 436292.5 39.27
372007.5 436287.5 37.990002
372302.5 436287.5 38.310001
372307.5 436287.5 38.310001
372617.5 436287.5 39.27
372012.5 436282.5 37.990002
372297.5 436282.5 38.310001
372617.5 436282.5 39.27
372017.5 436277.5 37.990002
372292.5 436277.5 38.310001
372617.5 436277.5 39.27
372022.5 436272.5 37.990002
372287.5 436272.5 38.240002
372617.5 436272.5 39.27
372027.5 436267.5 37.990002
372282.5 436267.5 38.150002
372622.5 436267.5 39.27
372032.5 436262.5 38.169998
372277.5 436262.5 38.150002
372627.5 436262.5 39.27
372032.5 436257.5 38.169998
372047.5 436257.5 38.509998
372052.5 436257.5 38.509998
372057.5 436257.5 38.509998
372272.5 436257.5 38.150002
372632.5 436257.5 39.27
372037.5 436252.5 38.41
372042.5 436252.5 38.5
372062.5 436252.5 38.57
372272.5 436252.5 38.299999
372637.5 436252.5 39.27
372062.5 436247.5 38.57
372267.5 436247.5 38.299999
372642.5 436247.5 39.27
372062.5 436242.5 38.57
372262.5 436242.5 38.299999
372647.5 436242.5 39.27
372062.5 436237.5 38.57
372257.5 436237.5 38.299999
372652.5 436237.5 39.330002
372062.5 436232.5 38.57
372257.5 436232.5 38.400002
372657.5 436232.5 39.41
372062.5 436227.5 38.57
372252.5 436227.5 38.41
372662.5 436227.5 39.5
372667.5 436227.5 39.52
372067.5 436222.5 38.57
372072.5 436222.5 38.57
372077.5 436222.5 38.57
372252.5 436222.5 38.41
372672.5 436222.5 39.610001
372082.5 436217.5 38.57
372252.5 436217.5 38.41
372677.5 436217.5 39.66
372087.5 436212.5 38.57
372257.5 436212.5 38.41
372677.5 436212.5 39.66
372092.5 436207.5 38.57
372257.5 436207.5 38.43
372677.5 436207.5 39.66
372097.5 436202.5 38.57
372127.5 436202.5 38.439999
372132.5 436202.5 38.439999
372252.5 436202.5 38.43
372677.5 436202.5 39.66
372102.5 436197.5 38.57
372122.5 436197.5 38.380001
372137.5 436197.5 38.439999
372227.5 436197.5 38.509998
372252.5 436197.5 38.450001
372677.5 436197.5 39.66
372107.5 436192.5 38.57
372117.5 436192.5 38.380001
372142.5 436192.5 38.439999
372222.5 436192.5 38.509998
372232.5 436192.5 38.470001
372237.5 436192.5 38.470001
372242.5 436192.5 38.470001
372247.5 436192.5 38.470001
372682.5 436192.5 39.66
372112.5 436187.5 38.57
372147.5 436187.5 38.439999
372217.5 436187.5 38.509998
372687.5 436187.5 39.66
372152.5 436182.5 38.439999
372202.5 436182.5 38.509998
372207.5 436182.5 38.509998
372212.5 436182.5 38.509998
372692.5 436182.5 39.66
372157.5 436177.5 38.439999
372162.5 436177.5 38.48
372167.5 436177.5 38.52
372172.5 436177.5 38.529999
372177.5 436177.5 38.529999
372182.5 436177.5 38.529999
372187.5 436177.5 38.529999
372192.5 436177.5 38.529999
372197.5 436177.5 38.509998
372697.5 436177.5 39.66
372702.5 436172.5 39.66
372707.5 436167.5 39.66
372712.5 436162.5 39.669998
372717.5 436157.5 39.669998
372722.5 436157.5 39.669998
372727.5 436157.5 39.669998
372732.5 436152.5 39.669998
372737.5 436147.5 39.669998
372742.5 436142.5 39.669998
372747.5 436137.5 39.669998
372752.5 436132.5 39.669998
372757.5 436127.5 39.669998
372762.5 436122.5 39.669998
372767.5 436117.5 39.669998
372772.5 436112.5 39.669998
372777.5 436107.5 39.59
372782.5 436107.5 39.59
372787.5 436107.5 39.59
372792.5 436107.5 39.59
372797.5 436107.5 39.59
372802.5 436102.5 39.59
372807.5 436097.5 39.59
372812.5 436092.5 39.59
372817.5 436092.5 39.59
372822.5 436092.5 39.59
372827.5 436087.5 39.59
372832.5 436082.5 39.689999
372837.5 436077.5 39.32
372842.5 436077.5 39.32
372847.5 436077.5 39.32
372847.5 436072.5 39.349998
372847.5 436067.5 39.57
372852.5 436062.5 39.57
372857.5 436057.5 39.57
372862.5 436052.5 39.57
372867.5 436047.5 39.57
372872.5 436047.5 39.57
372877.5 436047.5 39.57
372882.5 436047.5 39.57
372887.5 436047.5 39.57
372892.5 436047.5 39.57
372897.5 436047.5 39.57
372902.5 436042.5 39.560001
372907.5 436042.5 39.27
372912.5 436042.5 39.27
372917.5 436037.5 39.27
372917.5 436032.5 39.369999
372917.5 436027.5 39.470001
372947.5 436027.5 39.610001
372952.5 436027.5 39.610001
372922.5 436022.5 39.759998
372927.5 436022.5 39.610001
372932.5 436022.5 39.610001
372942.5 436022.5 39.610001
372957.5 436022.5 39.48
372977.5 436022.5 39.169998
372937.5 436017.5 39.610001
372962.5 436017.5 39.48
372967.5 436017.5 39.169998
372972.5 436017.5 39.169998
372982.5 436017.5 39.240002
372982.5 436012.5 39.580002
372987.5 436007.5 39.580002
372987.5 436002.5 39.580002
372992.5 435997.5 39.580002
372997.5 435997.5 39.580002
373002.5 435997.5 39.580002
373007.5 435997.5 39.580002
373012.5 435992.5 39.580002
373017.5 435992.5 39.610001
373022.5 435992.5 39.57
373027.5 435992.5 39.57
373032.5 435992.5 39.57
373037.5 435992.5 39.57
373042.5 435992.5 39.57
373047.5 435992.5 39.57
373052.5 435992.5 39.57
373057.5 435987.5 39.57
373062.5 435982.5 39.57
373067.5 435977.5 39.57
373072.5 435972.5 39.57
373077.5 435972.5 39.57
373082.5 435972.5 39.439999
373087.5 435972.5 39.439999
373092.5 435972.5 39.439999
373097.5 435972.5 39.439999
373102.5 435967.5 39.439999
373107.5 435967.5 39.43
373112.5 435967.5 39.419998
373137.5 435967.5 39.419998
373142.5 435967.5 39.5
373147.5 435967.5 39.5
373117.5 435962.5 39.400002
373127.5 435962.5 39.419998
373132.5 435962.5 39.419998
373152.5 435962.5 39.77
373157.5 435962.5 39.650002
373122.5 435957.5 39.400002
373162.5 435957.5 39.650002
373162.5 435952.5 39.650002
373162.5 435947.5 39.650002
373172.5 435947.5 39.43
373177.5 435947.5 39.509998
373197.5 435947.5 39.720001
373202.5 435947.5 39.580002
373167.5 435942.5 39.439999
373182.5 435942.5 39.720001
373187.5 435942.5 39.720001
373192.5 435942.5 39.720001
373207.5 435942.5 39.580002
373812.5 435942.5 44.23
373817.5 435942.5 44.23
373822.5 435942.5 44.23
373827.5 435942.5 44.23
373832.5 435942.5 44.23
373837.5 435942.5 44.27
373842.5 435942.5 44.310001
373847.5 435942.5 44.330002
373852.5 435942.5 44.360001
373857.5 435942.5 44.389999
373862.5 435942.5 44.419998
373867.5 435942.5 44.439999
373872.5 435942.5 44.470001
373877.5 435942.5 44.470001
373882.5 435942.5 44.470001
373887.5 435942.5 44.490002
373212.5 435937.5 39.580002
373787.5 435937.5 44.18
373792.5 435937.5 44.23
373797.5 435937.5 44.23
373802.5 435937.5 44.23
373807.5 435937.5 44.23
373892.5 435937.5 44.669998
373897.5 435937.5 44.75
373902.5 435937.5 44.619999
373217.5 435932.5 39.580002
373742.5 435932.5 44.259998
373747.5 435932.5 44.18
373752.5 435932.5 44.18
373757.5 435932.5 44.18
373762.5 435932.5 44.18
373767.5 435932.5 44.18
373772.5 435932.5 44.18
373777.5 435932.5 44.18
373782.5 435932.5 44.18
373907.5 435932.5 44.610001
373912.5 435932.5 44.529999
373222.5 435927.5 39.540001
373227.5 435927.5 39.540001
373232.5 435927.5 39.540001
373237.5 435927.5 39.540001
373707.5 435927.5 44.389999
373712.5 435927.5 44.380001
373717.5 435927.5 44.369999
373722.5 435927.5 44.360001
373727.5 435927.5 44.349998
373732.5 435927.5 44.330002
373737.5 435927.5 44.32
373917.5 435927.5 44.529999
373242.5 435922.5 39.540001
373267.5 435922.5 39.419998
373617.5 435922.5 44.43
373622.5 435922.5 44.43
373627.5 435922.5 44.43
373632.5 435922.5 44.43
373637.5 435922.5 44.43
373642.5 435922.5 44.43
373647.5 435922.5 44.450001
373697.5 435922.5 44.419998
373702.5 435922.5 44.419998
373922.5 435922.5 44.529999
373927.5 435922.5 44.459999
373247.5 435917.5 39.540001
373252.5 435917.5 39.419998
373257.5 435917.5 39.419998
373262.5 435917.5 39.419998
373272.5 435917.5 39.419998
373612.5 435917.5 44.400002
373652.5 435917.5 44.439999
373657.5 435917.5 44.439999
373662.5 435917.5 44.439999
373692.5 435917.5 44.419998
373932.5 435917.5 44.459999
373277.5 435912.5 39.419998
373612.5 435912.5 44.389999
373667.5 435912.5 44.439999
373687.5 435912.5 44.419998
373937.5 435912.5 44.459999
373282.5 435907.5 39.419998
373612.5 435907.5 44.380001
373672.5 435907.5 44.439999
373677.5 435907.5 44.43
373682.5 435907.5 44.43
373942.5 435907.5 44.459999
373287.5 435902.5 39.389999
373612.5 435902.5 44.380001
373947.5 435902.5 44.459999
373292.5 435897.5 39.279999
373612.5 435897.5 44.369999
373947.5 435897.5 44.459999
373297.5 435892.5 39.259998
373612.5 435892.5 44.360001
373952.5 435892.5 44.419998
373302.5 435887.5 39.259998
373307.5 435887.5 39.209999
373312.5 435887.5 39.209999
373612.5 435887.5 44.349998
373952.5 435887.5 44.41
373317.5 435882.5 39.419998
373492.5 435882.5 41.82
373497.5 435882.5 42.150002
373617.5 435882.5 44.34
373952.5 435882.5 44.41
373322.5 435877.5 39.419998
373327.5 435877.5 39.419998
373477.5 435877.5 41.82
373482.5 435877.5 41.82
373487.5 435877.5 41.82
373497.5 435877.5 42.959999
373612.5 435877.5 44.34
373957.5 435877.5 44.400002
373332.5 435872.5 39.419998
373337.5 435872.5 39.419998
373442.5 435872.5 40.599998
373447.5 435872.5 40.849998
373452.5 435872.5 41.189999
373457.5 435872.5 41.48
373462.5 435872.5 41.48
373467.5 435872.5 41.57
373472.5 435872.5 41.57
373502.5 435872.5 44.060001
373612.5 435872.5 44.330002
373957.5 435872.5 44.400002
373342.5 435867.5 39.419998
373347.5 435867.5 39.419998
373352.5 435867.5 39.419998
373357.5 435867.5 39.419998
373362.5 435867.5 39.419998
373367.5 435867.5 39.470001
373427.5 435867.5 40.619999
373432.5 435867.5 40.619999
373437.5 435867.5 40.610001
373507.5 435867.5 44.060001
373612.5 435867.5 44.32
373952.5 435867.5 44.369999
373372.5 435862.5 39.939999
373377.5 435862.5 40.220001
373382.5 435862.5 40.490002
373387.5 435862.5 40.619999
373392.5 435862.5 40.619999
373397.5 435862.5 40.619999
373402.5 435862.5 40.619999
373407.5 435862.5 40.619999
373412.5 435862.5 40.619999
373417.5 435862.5 40.619999
373422.5 435862.5 40.619999
373512.5 435862.5 44.060001
373607.5 435862.5 44.290001
373952.5 435862.5 44.369999
373517.5 435857.5 44.060001
373597.5 435857.5 44.220001
373602.5 435857.5 44.25
373952.5 435857.5 44.369999
373522.5 435852.5 44.060001
373587.5 435852.5 44.189999
373592.5 435852.5 44.200001
373952.5 435852.5 44.369999
373527.5 435847.5 44.060001
373582.5 435847.5 44.169998
373952.5 435847.5 44.369999
373532.5 435842.5 44.060001
373572.5 435842.5 44.139999
373577.5 435842.5 44.150002
373952.5 435842.5 44.369999
373537.5 435837.5 44.060001
373567.5 435837.5 44.119999
373952.5 435837.5 44.369999
373542.5 435832.5 44.060001
373557.5 435832.5 44.09
373562.5 435832.5 44.099998
373952.5 435832.5 44.369999
373547.5 435827.5 44.060001
373552.5 435827.5 44.07
373952.5 435827.5 44.369999
373947.5 435822.5 44.369999
373947.5 435817.5 44.369999
373942.5 435812.5 44.369999
373947.5 435807.5 44.369999
373947.5 435802.5 44.369999
373952.5 435797.5 44.369999
373957.5 435792.5 44.369999
373962.5 435787.5 44.369999
373967.5 435782.5 44.369999
373967.5 435777.5 44.369999
373967.5 435772.5 44.369999
373967.5 435767.5 44.369999
373967.5 435762.5 44.369999
373967.5 435757.5 44.369999
373967.5 435752.5 44.369999
373967.5 435747.5 44.369999
373967.5 435742.5 44.369999
373967.5 435737.5 44.369999
373967.5 435732.5 44.369999
373972.5 435727.5 44.23
373972.5 435722.5 44.23
373972.5 435717.5 44.23
373972.5 435712.5 44.23
373972.5 435707.5 44.23
373977.5 435702.5 44.23
373982.5 435697.5 44.23
373982.5 435692.5 44.240002
373982.5 435687.5 44.27
373982.5 435682.5 44.299999
373987.5 435677.5 44.310001
373982.5 435672.5 44.32
373987.5 435667.5 44.439999
373992.5 435662.5 44.419998
373992.5 435657.5 44.419998
373997.5 435652.5 44.41
373997.5 435647.5 44.41
374002.5 435642.5 44.32
374007.5 435637.5 44.32
374012.5 435632.5 44.32
374017.5 435627.5 44.23
374022.5 435622.5 43.900002
374027.5 435617.5 43.580002
374032.5 435612.5 43.32
374032.5 435607.5 43.32
374032.5 435602.5 43.32
374032.5 435597.5 43.32
374032.5 435592.5 43.32
374032.5 435587.5 43.32
374037.5 435582.5 43.32
374042.5 435582.5 43.32
374047.5 435577.5 43.189999
374052.5 435577.5 43.189999
374057.5 435577.5 43.189999
374062.5 435572.5 43.189999
374067.5 435567.5 43.189999
374072.5 435567.5 43.23
374097.5 435567.5 43.330002
374102.5 435567.5 43.330002
374077.5 435562.5 43.25
374082.5 435562.5 43.330002
374087.5 435562.5 43.330002
374092.5 435562.5 43.330002
374102.5 435562.5 43.389999
374102.5 435557.5 43.380001
374102.5 435552.5 43.369999
374107.5 435547.5 43.299999
374127.5 435547.5 43.200001
374132.5 435547.5 43.279999
374112.5 435542.5 43.099998
374117.5 435542.5 43.150002
374122.5 435542.5 43.189999
374137.5 435542.5 43.279999
374142.5 435537.5 43.279999
374147.5 435532.5 43.310001
374152.5 435527.5 43.380001
374152.5 435522.5 43.380001
374157.5 435517.5 43.380001
374157.5 435512.5 43.380001
374162.5 435507.5 43.380001
374167.5 435502.5 43.380001
374172.5 435497.5 43.380001
374172.5 435492.5 43.380001
374172.5 435487.5 43.380001
374172.5 435482.5 43.380001
374172.5 435477.5 43.380001
374177.5 435472.5 43.380001
374182.5 435467.5 43.380001
374182.5 435462.5 43.380001
374187.5 435457.5 43.380001
374187.5 435452.5 43.380001
374187.5 435447.5 43.52
374187.5 435442.5 43.549999
374187.5 435437.5 43.549999
374192.5 435432.5 43.549999
374192.5 435427.5 43.549999
374192.5 435422.5 43.549999
374192.5 435417.5 43.549999
374192.5 435412.5 43.549999
374192.5 435407.5 43.549999
374192.5 435402.5 43.549999
374192.5 435397.5 43.549999
374197.5 435392.5 43.549999
374197.5 435387.5 43.57
374197.5 435382.5 43.639999
374192.5 435377.5 43.66
374192.5 435372.5 43.66
374192.5 435367.5 43.66
374192.5 435362.5 43.66
374192.5 435357.5 43.66
374187.5 435352.5 43.66
374187.5 435347.5 43.66
374187.5 435342.5 43.66
374182.5 435337.5 43.66
374182.5 435332.5 43.66
374182.5 435327.5 43.66
374177.5 435322.5 43.66
374172.5 435317.5 43.34
374167.5 435312.5 43.310001
374162.5 435307.5 43.310001
374157.5 435302.5 43.580002
374152.5 435297.5 44.099998
374147.5 435292.5 44.189999
374147.5 435287.5 44.189999
374142.5 435282.5 44.189999
374142.5 435277.5 44.23
374142.5 435272.5 44.27
374142.5 435267.5 44.310001
374142.5 435262.5 44.349998
374142.5 435257.5 44.650002
374132.5 435252.5 44.650002
374137.5 435252.5 44.650002
374127.5 435247.5 44.650002
374122.5 435242.5 44.650002
374117.5 435237.5 44.650002
374112.5 435232.5 44.650002
374107.5 435227.5 44.650002
374102.5 435222.5 44.650002
374092.5 435217.5 44.779999
374097.5 435217.5 44.650002
374087.5 435212.5 45.049999
374082.5 435207.5 45.060001
374082.5 435202.5 45.119999
374077.5 435197.5 45.119999
374072.5 435192.5 45.119999
374067.5 435187.5 45.119999
374067.5 435182.5 45.16
374062.5 435177.5 45.23
374057.5 435172.5 45.299999
374052.5 435167.5 45.380001
374047.5 435162.5 45.450001
374042.5 435157.5 45.450001
374042.5 435152.5 45.450001
374042.5 435147.5 45.450001
374037.5 435142.5 45.450001
374032.5 435137.5 45.450001
374027.5 435132.5 45.450001
374022.5 435127.5 45.450001
374017.5 435122.5 45.450001
374012.5 435117.5 45.450001
374012.5 435112.5 45.52
374012.5 435107.5 45.810001
374012.5 435102.5 46.099998
374012.5 435097.5 46.330002
374002.5 435092.5 46.330002
374007.5 435092.5 46.330002
373997.5 435087.5 46.330002
373992.5 435082.5 46.330002
373987.5 435077.5 46.330002
373982.5 435072.5 46.490002
373947.5 435067.5 46.740002
373952.5 435067.5 46.740002
373957.5 435067.5 46.740002
373962.5 435067.5 46.740002
373967.5 435067.5 46.740002
373972.5 435067.5 46.740002
373977.5 435067.5 46.740002
373942.5 435062.5 46.740002
373937.5 435057.5 46.740002
373932.5 435052.5 46.669998
373922.5 435047.5 46.619999
373927.5 435047.5 46.619999
373917.5 435042.5 46.619999
373912.5 435037.5 46.619999
373912.5 435032.5 46.619999
373907.5 435027.5 46.619999
373897.5 435022.5 46.740002
373902.5 435022.5 46.619999
373892.5 435017.5 46.740002
373882.5 435012.5 47.009998
373887.5 435012.5 46.75
373877.5 435007.5 47.200001
373872.5 435002.5 47.279999
373867.5 434997.5 47.34
373862.5 434992.5 47.34
373857.5 434987.5 47.34
373852.5 434982.5 47.34
373847.5 434977.5 47.34
373842.5 434972.5 47.34
373837.5 434967.5 47.34
373832.5 434962.5 47.34
373827.5 434957.5 47.34
373827.5 434952.5 47.34
373822.5 434947.5 47.5
373817.5 434942.5 47.5
373812.5 434937.5 47.5
373812.5 434932.5 47.5
373812.5 434927.5 47.5
373807.5 434922.5 47.5
373802.5 434917.5 47.5
373802.5 434912.5 47.549999
373802.5 434907.5 47.82
373802.5 434902.5 47.93
373792.5 434897.5 48.23
373797.5 434897.5 48.189999
373792.5 434892.5 48.540001
373792.5 434887.5 49.060001
373797.5 434882.5 49.220001
373797.5 434877.5 49.220001
373797.5 434872.5 49.220001
373792.5 434867.5 49.290001
373787.5 434862.5 49.439999
373787.5 434857.5 49.169998
373787.5 434852.5 49.169998
373787.5 434847.5 49.169998
373787.5 434842.5 49.169998
373787.5 434837.5 49.169998
373787.5 434832.5 49.169998
373787.5 434827.5 49.169998
373787.5 434822.5 49.169998
373787.5 434817.5 49.169998
373792.5 434812.5 49.169998
373792.5 434807.5 49.169998
373792.5 434802.5 49.169998
373797.5 434797.5 49.169998
373797.5 434792.5 49.169998
373802.5 434787.5 49.169998
373807.5 434782.5 49.169998
373812.5 434777.5 49.119999
373812.5 434772.5 49.119999
373812.5 434767.5 49.119999
373812.5 434762.5 49.119999
373812.5 434757.5 49.119999
373812.5 434752.5 49.119999
373812.5 434747.5 49.119999
373812.5 434742.5 49.119999
373812.5 434737.5 49.119999
373812.5 434732.5 49.119999
373812.5 434727.5 49.119999
373812.5 434722.5 49.119999
373812.5 434717.5 49.119999
373817.5 434712.5 49.119999
373822.5 434707.5 49.119999
373827.5 434702.5 49.119999
373832.5 434697.5 49.119999
373832.5 434692.5 49.310001
373832.5 434687.5 49.310001
373832.5 434682.5 49.310001
373832.5 434677.5 49.310001
373832.5 434672.5 49.310001
373832.5 434667.5 49.310001
373832.5 434662.5 49.310001
373832.5 434657.5 49.310001
373832.5 434652.5 49.310001
373837.5 434647.5 49.310001
373842.5 434642.5 49.310001
373837.5 434637.5 49.34
373832.5 434632.5 49.34
373832.5 434627.5 49.34
373832.5 434622.5 49.34
373832.5 434617.5 49.369999
373832.5 434612.5 49.41
373837.5 434607.5 49.419998
373837.5 434602.5 49.400002
373842.5 434597.5 49.400002
373847.5 434592.5 49.389999
373872.5 434592.5 49.380001
373877.5 434592.5 49.380001
373852.5 434587.5 49.389999
373857.5 434587.5 49.380001
373862.5 434587.5 49.380001
373867.5 434587.5 49.380001
373882.5 434587.5 49.380001
373882.5 434582.5 49.380001
373882.5 434577.5 49.380001
373887.5 434572.5 49.380001
373887.5 434567.5 49.34
373892.5 434562.5 49.34
373897.5 434557.5 49.34
373897.5 434552.5 49.349998
373902.5 434547.5 49.349998
373902.5 434542.5 49.349998
373897.5 434537.5 49.369999
373897.5 434532.5 49.380001
373892.5 434527.5 49.380001
373887.5 434522.5 49.389999
373887.5 434517.5 49.389999
373887.5 434512.5 49.43
373887.5 434507.5 49.490002
373887.5 434502.5 49.52
373892.5 434497.5 49.52
373892.5 434492.5 49.52
373892.5 434487.5 49.52
373897.5 434482.5 49.52
373897.5 434477.5 49.880001
373897.5 434472.5 50.509998
373892.5 434467.5 51.040001
373887.5 434462.5 51.049999
373887.5 434457.5 51.16
373887.5 434452.5 51.16
373887.5 434447.5 51.16
373892.5 434442.5 51.330002
373897.5 434437.5 51.529999
373897.5 434432.5 51.709999
373892.5 434427.5 51.830002
373892.5 434422.5 51.830002
373887.5 434417.5 51.830002
373882.5 434412.5 51.830002
373877.5 434407.5 51.830002
373867.5 434402.5 51.84
373872.5 434402.5 51.830002
373867.5 434397.5 51.98
373862.5 434392.5 52.189999
373857.5 434387.5 52.209999
373862.5 434382.5 52.330002
373862.5 434377.5 52.330002
373862.5 434372.5 52.330002
373852.5 434367.5 52.330002
373857.5 434367.5 52.330002
373842.5 434362.5 52.419998
373847.5 434362.5 52.330002
373837.5 434357.5 52.66
373832.5 434352.5 52.560001
373827.5 434347.5 52.27
373827.5 434342.5 52.27
373827.5 434337.5 52.27
373827.5 434332.5 52.27
373827.5 434327.5 52.27
373827.5 434322.5 52.27
373827.5 434317.5 52.27
373822.5 434312.5 52.27
373817.5 434307.5 52.27
373812.5 434302.5 52.25
373812.5 434297.5 52.25
373817.5 434292.5 52.25
373822.5 434287.5 52.25
373827.5 434282.5 52.25
373827.5 434277.5 52.279999
373827.5 434272.5 52.32
373827.5 434267.5 52.389999
373822.5 434262.5 52.389999
373817.5 434257.5 52.389999
373812.5 434252.5 52.389999
373817.5 434247.5 52.389999
373817.5 434242.5 52.389999
373817.5 434237.5 52.389999
373817.5 434232.5 52.389999
373817.5 434227.5 52.290001
373817.5 434222.5 52.290001
373817.5 434217.5 52.290001
373817.5 434212.5 52.290001
373822.5 434207.5 52.290001
373822.5 434202.5 52.330002
373822.5 434197.5 52.580002
373827.5 434192.5 53.200001
373832.5 434187.5 53.41
373837.5 434187.5 53.43
373842.5 434187.5 53.43
373847.5 434187.5 53.43
373852.5 434182.5 53.43
373857.5 434177.5 53.43
374182.5 434177.5 53.669998
373862.5 434172.5 53.43
373892.5 434172.5 53.43
373897.5 434172.5 53.470001
373902.5 434172.5 53.470001
374137.5 434172.5 53.650002
374142.5 434172.5 53.619999
374147.5 434172.5 53.619999
374152.5 434172.5 53.619999
374157.5 434172.5 53.619999
374162.5 434172.5 53.619999
374167.5 434172.5 53.619999
374172.5 434172.5 53.619999
374177.5 434172.5 53.619999
374187.5 434172.5 53.959999
374192.5 434172.5 54.02
374197.5 434172.5 54.09
374202.5 434172.5 54.16
374207.5 434172.5 54.220001
373867.5 434167.5 53.43
373882.5 434167.5 53.43
373887.5 434167.5 53.43
373907.5 434167.5 53.470001
373912.5 434167.5 53.470001
373917.5 434167.5 53.470001
374027.5 434167.5 53.470001
374032.5 434167.5 53.439999
374037.5 434167.5 53.439999
374042.5 434167.5 53.439999
374047.5 434167.5 53.439999
374052.5 434167.5 53.439999
374057.5 434167.5 53.439999
374062.5 434167.5 53.439999
374067.5 434167.5 53.439999
374072.5 434167.5 53.439999
374117.5 434167.5 53.599998
374122.5 434167.5 53.689999
374127.5 434167.5 53.689999
374132.5 434167.5 53.689999
374212.5 434167.5 54.220001
373872.5 434162.5 53.43
373877.5 434162.5 53.43
373922.5 434162.5 53.470001
373997.5 434162.5 53.619999
374002.5 434162.5 53.619999
374007.5 434162.5 53.619999
374012.5 434162.5 53.619999
374017.5 434162.5 53.619999
374022.5 434162.5 53.619999
374077.5 434162.5 53.439999
374102.5 434162.5 53.450001
374107.5 434162.5 53.48
374112.5 434162.5 53.549999
374217.5 434162.5 54.220001
374222.5 434162.5 54.220001
374227.5 434162.5 54.220001
374232.5 434162.5 54.220001
374237.5 434162.5 54.220001
374242.5 434162.5 54.220001
374247.5 434162.5 54.220001
374252.5 434162.5 54.220001
374257.5 434162.5 54.220001
374262.5 434162.5 54.220001
373927.5 434157.5 53.470001
373932.5 434157.5 53.470001
373937.5 434157.5 53.470001
373992.5 434157.5 53.619999
374082.5 434157.5 53.419998
374087.5 434157.5 53.419998
374092.5 434157.5 53.419998
374097.5 434157.5 53.419998
374267.5 434157.5 54.18
373942.5 434152.5 53.470001
373947.5 434152.5 53.369999
373952.5 434152.5 53.369999
373957.5 434152.5 53.369999
373992.5 434152.5 53.689999
374272.5 434152.5 54.18
373962.5 434147.5 53.369999
373987.5 434147.5 53.900002
374277.5 434147.5 54.18
373967.5 434142.5 53.369999
373972.5 434142.5 53.389999
373977.5 434142.5 53.540001
373982.5 434142.5 53.689999
374282.5 434142.5 54.18
374287.5 434142.5 54.200001
374292.5 434137.5 54.240002
374297.5 434137.5 54.5
374302.5 434132.5 54.490002
374307.5 434132.5 54.400002
374312.5 434127.5 54.279999
374317.5 434127.5 54.279999
374322.5 434127.5 54.279999
374327.5 434127.5 54.220001
374332.5 434122.5 54.150002
374337.5 434122.5 54.150002
374342.5 434117.5 54.150002
374347.5 434112.5 54.150002
374352.5 434107.5 54.060001
374537.5 434107.5 55.150002
374542.5 434107.5 55.150002
374547.5 434107.5 55.150002
374552.5 434107.5 55.150002
374557.5 434107.5 55.150002
374562.5 434107.5 55.18
374357.5 434102.5 54.060001
374362.5 434102.5 54.060001
374512.5 434102.5 55.009998
374517.5 434102.5 55.07
374522.5 434102.5 55.119999
374527.5 434102.5 55.139999
374532.5 434102.5 55.150002
374567.5 434102.5 55.25
374572.5 434102.5 55.279999
374577.5 434102.5 55.310001
374582.5 434102.5 55.330002
374587.5 434102.5 55.330002
374592.5 434102.5 55.330002
374597.5 434102.5 55.330002
374602.5 434102.5 55.330002
374607.5 434102.5 55.330002
374612.5 434102.5 55.330002
374367.5 434097.5 54.240002
374497.5 434097.5 55.009998
374502.5 434097.5 55.009998
374507.5 434097.5 55.009998
374617.5 434097.5 55.330002
374622.5 434097.5 55.369999
374627.5 434097.5 55.369999
374372.5 434092.5 54.259998
374467.5 434092.5 55.07
374472.5 434092.5 55.07
374477.5 434092.5 55.07
374482.5 434092.5 55.049999
374487.5 434092.5 55.029999
374492.5 434092.5 55.009998
374632.5 434092.5 55.369999
374377.5 434087.5 54.259998
374382.5 434087.5 54.259998
374387.5 434087.5 54.279999
374462.5 434087.5 55.07
374637.5 434087.5 55.369999
374642.5 434087.5 55.369999
374647.5 434087.5 55.369999
374652.5 434087.5 55.369999
374392.5 434082.5 54.279999
374397.5 434082.5 54.279999
374462.5 434082.5 55.07
374402.5 434077.5 54.279999
374407.5 434077.5 54.279999
374462.5 434077.5 55.07
374412.5 434072.5 54.279999
374417.5 434072.5 54.349998
374422.5 434072.5 54.389999
374427.5 434072.5 54.689999
374432.5 434072.5 55.040001
374462.5 434072.5 55.07
374437.5 434067.5 55.040001
374442.5 434067.5 55.259998
374447.5 434067.5 55.610001
374452.5 434067.5 55.330002
374457.5 434067.5 55.099998
