 1.925e+01  0.000e+00
 1.860e+01  2.159e-06
 1.796e+01  1.080e-06
 1.731e+01  8.636e-06
 1.667e+01  4.102e-05
 1.603e+01  6.045e-05
 1.538e+01  1.803e-04
 1.474e+01  3.768e-04
 1.409e+01  6.294e-04
 1.345e+01  1.144e-03
 1.280e+01  2.064e-03
 1.216e+01  3.498e-03
 1.151e+01  6.213e-03
 1.087e+01  1.259e-02
 1.022e+01  2.165e-02
 9.580e+00  3.668e-02
 8.935e+00  7.165e-02
 8.291e+00  1.055e-01
 7.646e+00  1.462e-01
 7.001e+00  1.665e-01
 6.357e+00  1.548e-01
 5.712e+00  1.196e-01
 5.068e+00  7.597e-02
 4.423e+00  4.179e-02
 3.778e+00  2.056e-02
 3.134e+00  8.754e-03
 2.489e+00  2.817e-03
 1.845e+00  6.067e-04
 1.200e+00  1.069e-04
 5.553e-01  1.295e-05
